#Ack,ack_ewma(ms),send_ewma(ms),rtt_ratio,cwnd (Bytes),Last Router Ocupation Ack Arriaval(Packets),Last Router Ocupation Packet Sent(Packets),Network Situation,AckArrival(ms),TSInsideAck(ms),RTTAck(ms)
52561,12,9,493,64240,0.76,1,2,101880,101387,493
55481,9.6,1.8,502,67160,0.672,1,1,101889,101387,502
58401,9.92,6.76,504,70080,0.6384,1,1,101899,101395,504
61321,10.784,1.352,515,73000,0.67968,1,1,101910,101395,515
64241,11.7568,11.4704,513,75920,0.703936,1,1,101922,101409,513
67161,10.3514,2.29408,523,78840,0.628787,1,1,101932,101409,523
70081,10.0703,6.05882,526,81760,0.613757,1,1,101942,101416,526
73001,10.8141,1.21176,537,84680,0.690751,1,1,101953,101416,537
75921,9.36281,12.2424,531,87600,0.67415,1,1,101962,101431,531
78841,9.87256,2.44847,541,90520,0.68683,1,1,101972,101431,541
80301,10.7745,3.68969,548,93440,0.737366,1,1,101983,101435,548
176661,375.755,447.938,456,63660,0.155473,0,1,102450,101994,456
179581,87.951,97.5876,462,65700,0.0310946,0.65,1,102466,102004,462
219881,2,0,426,77380,0.94,0.01,2,102883,102457,426
222801,2,0,428,77380,0.924,0.01,2,102885,102457,428
225721,2,0,430,77380,0.9048,0.01,2,102887,102457,430
228641,2,0,432,77380,0.88496,0.01,2,102889,102457,432
231561,2,0,434,77380,0.912992,0.01,2,102891,102457,434
234481,2,0,436,77380,0.934598,0.01,2,102893,102457,436
237401,2,0,438,78840,0.93892,0.01,2,102895,102457,438
240321,2,0,440,78840,0.939784,0,2,102897,102457,440
304561,2,2,490,83220,0.83,0.88,2,103377,102887,490
307481,2,2,490,83220,0.83,0.92,2,103379,102889,490
310401,2,2,490,83220,0.822,0.94,2,103381,102891,490
313321,2,2,490,83220,0.8204,0.94,2,103383,102893,490
316241,2,2,490,83220,0.83608,0.94,2,103385,102895,490
319161,2,2,490,83220,0.839216,1,2,103387,102897,490
322081,10,34,460,83220,0.847843,1,2,103399,102939,460
325001,12.4,16.4,461,83220,0.809569,1,2,103412,102951,461
327921,11.28,12.88,460,83220,0.825914,1,2,103423,102963,460
330841,84.656,86.576,458,84680,0.853183,1,2,103526,103068,458
333761,52.1312,27.7152,489,84680,0.762637,1,2,103570,103081,489
336681,120.026,119.143,484,84680,0.448527,1,1,103707,103223,484
339601,34.4052,23.8286,497,84680,0.353705,1,1,103720,103223,497
342521,17.281,14.3657,498,84680,0.286741,1,1,103733,103235,498
345441,12.2562,11.6731,498,84680,0.281348,1,1,103744,103246,498
348361,9.65124,13.5346,493,84680,0.21627,1,1,103753,103260,493
351281,9.93025,12.3069,491,86140,0.323254,1,1,103763,103272,491
354201,8.38605,9.66139,490,86140,0.344651,1,1,103771,103281,490
357121,4.07721,8.33228,485,86140,0.34893,1,1,103774,103289,485
360041,4.01544,6.46646,483,86140,0.333786,1,1,103778,103295,483
362961,4.00309,6.09329,481,86140,0.330757,0.9,1,103782,103301,481
365881,7.20062,7.61866,481,86140,0.298151,0.91,1,103790,103309,481
368801,7.84012,9.52373,479,86140,0.25963,0.99,1,103798,103319,479
698761,27,13,484,93440,0.55,1,1,105605,105121,484
701681,14.2,14.6,480,93440,0.51,1,1,105616,105136,480
704601,13.24,12.52,481,93440,0.47,1,1,105629,105148,481
707521,17.848,13.704,486,93440,0.422,1,1,105648,105162,486
710441,13.1696,10.7408,488,93440,0.4124,1,1,105660,105172,488
713361,11.4339,7.74816,492,93440,0.37848,1,1,105671,105179,492
716281,10.2868,6.34963,496,93440,0.323696,1,1,105681,105185,496
719201,10.0574,6.06993,500,93440,0.312739,1,1,105691,105191,500
722121,8.41147,4.41399,504,93440,0.278548,1,1,105699,105195,504
725041,8.08229,8.0828,503,93440,0.27971,1,1,105707,105204,503
727961,8.81646,7.21656,505,93440,0.199942,1,1,105716,105211,505
730881,8.96329,23.0433,487,93440,0.0959884,1,1,105725,105238,487
733801,6.59266,9.40866,487,93440,0.347198,1,1,105731,105244,487
736721,9.31853,9.08173,488,93440,0.31744,1,1,105741,105253,488
739641,13.0637,10.6163,491,93440,0.327488,1,1,105755,105264,491
742561,12.2127,21.3233,479,93440,0.329498,1,1,105767,105288,479
745481,12.0425,12.2647,481,93440,0.3299,1,1,105779,105298,481
748401,14.4085,11.2529,485,93440,0.23398,1,1,105794,105309,485
751321,10.8817,10.2506,485,93440,0.150796,1,1,105804,105319,485
754241,8.57634,8.45012,485,93440,0.102159,1,1,105812,105327,485
757161,6.51527,7.29002,484,93440,0.0764318,1,1,105818,105334,484
760081,8.50305,6.258,487,93440,0.0392864,1,1,105827,105340,487
763001,9.70061,6.8516,490,93440,0.0158573,1,1,105837,105347,490
765921,8.34012,9.37032,488,93440,0.0591715,1,1,105845,105357,488
768841,4.86802,9.07406,483,93440,0.0678343,1,1,105849,105366,483
771761,12.9736,9.01481,489,93440,0.173567,0.97,1,105864,105375,489
774681,8.99472,9.00296,488,93440,0.114713,1,1,105872,105384,488
777601,7.39894,6.60059,489,93440,0.166943,1,1,105879,105390,489
780521,9.47979,18.9201,477,93440,0.137389,1,1,105889,105412,477
783441,14.696,13.384,481,93440,0.131478,0.68,1,105905,105424,481
815561,6,8,434,93440,0.68,0.28,1,106133,105699,434
818481,4.4,8,430,93440,0.664,0.18,1,106137,105707,430
821401,3.28,8.8,424,93440,0.6528,0.07,1,106140,105716,424
824321,19.056,8.96,438,93440,0.70656,0.41,1,106163,105725,438
827241,7.8112,6.592,437,93440,0.725312,0.31,1,106168,105731,437
830161,8.76224,9.3184,436,93440,0.753062,0.33,2,106177,105741,436
833081,12.9524,13.0637,436,93440,0.734613,0.33,1,106191,105755,436
862281,4,4,423,93440,0.71,0.2,1,106272,105849,423
865201,17.6,12.8,429,93440,0.622,0.1,1,106293,105864,429
868121,9.92,8.96,429,93440,0.6524,0.18,1,106301,105872,429
871041,6.784,7.392,428,93440,0.67448,0.13,1,106307,105879,428
873961,8.5568,9.4784,427,93440,0.702896,0.13,1,106316,105889,427
876881,12.9114,14.6957,425,93440,0.660579,1,1,106330,105905,425
879801,125.782,93.3391,466,93440,0.268116,0.93,1,106484,106018,466
882721,32.3565,28.2678,463,93440,0.173623,0.52,1,106493,106030,463
885641,36.0713,22.4536,479,93440,0.266725,1,1,106530,106051,479
888561,15.2143,12.4907,479,93440,0.221345,1,1,106540,106061,479
891481,10.2429,11.2981,477,93440,0.244269,1,1,106549,106072,477
894401,8.44857,15.8596,468,93440,0.248854,1,1,106557,106089,468
897321,7.28971,11.1719,465,93440,0.265771,1,1,106564,106099,465
900241,26.2579,9.43439,487,93440,0.301154,0.85,1,106595,106108,487
903161,8.45159,9.88688,481,93440,0.308231,0.72,1,106599,106118,481
906081,4.89032,9.17738,476,93440,0.277646,0.68,1,106603,106127,476
909001,2.57806,6.63548,472,93440,0.271529,0.66,1,106605,106133,472
911921,2.11561,4.5271,470,93440,0.270306,0.65,1,106607,106137,470
914841,2.02312,3.30542,469,93440,0.270061,0.72,1,106609,106140,469
917761,14.0046,19.0611,463,93440,0.302012,0.73,1,106626,106163,463
920681,5.20092,7.81222,461,93440,0.324402,0.76,1,106629,106168,461
923601,5.84019,8.76244,458,93440,0.32888,0.73,1,106635,106177,458
926521,22.768,12.9525,471,93440,0.345776,1,1,106662,106191,471
929441,14.1536,12.9905,470,93440,0.365155,1,1,106674,106204,470
932361,12.4307,7.3981,476,93440,0.369031,1,1,106686,106210,476
935281,10.4861,11.0796,474,93440,0.337806,1,1,106696,106222,474
938201,6.89723,8.61592,472,93440,0.363561,1,1,106702,106230,472
941121,17.3794,6.52318,486,93440,0.384712,1,1,106722,106236,486
944041,7.47589,4.50464,487,93440,0.404942,0.91,1,106727,106240,487
946961,4.69518,8.10093,482,93440,0.408988,0.76,1,106731,106249,482
949881,5.73904,11.2202,476,93440,0.377798,0.71,1,106737,106261,476
952801,4.34781,7.84404,473,93440,0.37156,0.71,1,106741,106268,473
955721,2.46956,4.76881,471,93440,0.402312,0.6,1,106743,106272,471
958641,7.69391,17.7538,459,93440,0.392462,0.66,1,106752,106293,459
961561,7.13878,9.95075,458,93440,0.406492,0.68,1,106759,106301,458
964481,4.62776,6.79015,456,93440,0.409298,0.71,1,106763,106307,456
967401,8.12555,8.55803,456,93440,0.39386,0.65,1,106772,106316,456
970321,9.62511,12.9116,452,93440,0.358772,0.17,1,106782,106330,452
973241,105.925,125.782,428,93440,0.303754,0.15,1,106912,106484,428
976161,30.785,32.3565,431,93440,0.324751,0.29,1,106924,106493,431
979081,36.557,36.0713,432,93440,0.31295,0.21,1,106962,106530,432
982001,16.1114,15.2143,433,93440,0.37459,0.25,1,106973,106540,433
984921,11.2223,10.2429,434,93440,0.354918,0.25,1,106983,106549,434
987841,8.64446,8.44857,434,93440,0.382984,0.27,1,106991,106557,434
990761,8.12889,7.28971,435,93440,0.388597,0.31,1,106999,106564,435
993681,26.4258,26.2579,435,93440,0.373719,0.31,1,107030,106595,435
996601,8.48516,8.45159,435,93440,0.386744,0.27,1,107034,106599,435
999521,4.89703,4.89032,435,93440,0.421349,0.27,1,107038,106603,435
1002441,2.57941,2.57806,435,93440,0.39627,0.27,1,107040,106605,435
1005361,2.11588,2.11561,435,93440,0.423254,0.27,1,107042,106607,435
1008281,2.02318,2.02312,435,93440,0.396651,0.31,1,107044,106609,435
1011201,15.6046,14.0046,437,93440,0.42333,0.33,1,107063,106626,437
1014121,4.72093,5.20092,436,93440,0.428666,0.33,1,107065,106629,436
1017041,5.74419,5.84019,436,93440,0.429733,0.35,1,107071,106635,436
1019961,23.5488,22.768,437,94900,0.429947,0.37,1,107099,106662,437
1022881,15.1098,14.1536,438,94900,0.477989,0.37,1,107112,106674,438
1025801,12.622,12.4307,438,94900,0.503598,0.33,1,107124,106686,438
1028721,10.5244,10.4861,438,94900,0.50872,0.37,1,107134,106696,438
1031641,9.30488,6.89723,441,94900,0.525744,0.39,1,107143,106702,441
1034561,17.861,17.3794,441,94900,0.529149,0.41,1,107163,106722,441
1037481,6.77219,7.47589,440,94900,0.54583,0.41,1,107167,106727,440
1040401,4.55444,4.69518,440,94900,0.549166,0.37,1,107171,106731,440
1043321,5.71089,5.73904,440,94900,0.517833,0.37,1,107177,106737,440
1046241,4.34218,4.34781,440,94900,0.511567,0.41,1,107181,106741,440
1049161,2.46844,2.46956,440,94900,0.542313,0.39,1,107183,106743,440
1052081,8.49369,7.69391,441,94900,0.516463,0.41,1,107193,106752,441
1055001,6.49874,7.13878,440,94900,0.543293,0.41,1,107199,106759,440
1057921,4.49975,4.62776,440,94900,0.516658,0.39,1,107203,106763,440
1060841,7.29995,8.12555,439,94900,0.543332,0.35,1,107211,106772,439
1063761,9.45999,9.62511,439,94900,0.516666,0.29,1,107221,106782,439
1066681,103.492,105.925,436,94900,0.575333,0.33,1,107348,106912,436
1069601,28.6984,30.785,434,94900,0.595067,0.31,1,107358,106924,434
1072521,40.9397,36.557,440,94900,0.639013,0.39,1,107402,106962,440
1075441,16.1879,16.1114,439,94900,0.663803,0.35,1,107412,106973,439
1078361,11.2376,11.2223,439,94900,0.684761,0.39,1,107422,106983,439
1081281,8.64752,8.64446,439,96360,0.688952,0.39,1,107430,106991,439
1084201,8.1295,8.12889,439,96360,0.70579,0.37,1,107438,106999,439
1087121,28.0259,26.4258,441,96360,0.725158,0.39,1,107471,107030,441
1090041,8.80518,8.48516,441,96360,0.745032,0.43,1,107475,107034,441
1092961,4.96104,4.89703,441,96360,0.717006,0.39,1,107479,107038,441
1095881,2.59221,2.57941,441,96360,0.727401,0.43,1,107481,107040,441
1098801,2.11844,2.11588,441,96360,0.72948,0.39,1,107483,107042,441
1101721,2.02369,2.02318,441,96360,0.729896,0.43,1,107485,107044,441
1104641,15.6047,15.6046,441,96360,0.745979,0.43,1,107504,107063,441
1107561,4.72095,4.72093,441,96360,0.749196,0.43,1,107506,107065,441
1110481,5.74419,5.74419,441,96360,0.749839,0.43,1,107512,107071,441
1113401,25.1488,1.14884,471,96360,0.765968,0.43,2,107542,107071,471
1116321,17.8298,22.6298,459,96360,0.769194,0.49,2,107558,107099,459
1119241,13.166,14.926,458,96360,0.769839,0.51,2,107570,107112,458
1122161,10.6332,12.5852,456,96360,0.785968,0.51,2,107580,107124,456
1125081,8.52664,10.517,454,96360,0.789194,0.53,2,107588,107134,454
1128001,18.5053,9.30341,466,96360,0.789839,0.53,2,107609,107143,466
1130921,6.90107,17.8607,450,96360,0.789968,0.55,2,107613,107163,450
1133841,4.58021,6.77214,450,96360,0.789994,0.55,2,107617,107167,450
1136761,5.71604,4.55443,452,96360,0.789999,0.51,2,107623,107171,452
1139681,4.34321,5.71089,450,96360,0.79,0.51,2,107627,107177,450
1142601,2.46864,4.34218,448,96360,0.79,0.55,2,107629,107181,448
1145521,8.49373,2.46844,456,96360,0.79,0.51,2,107639,107183,456
1148441,6.49875,8.49369,452,96360,0.79,0.55,2,107645,107193,452
1151361,4.49975,6.49874,450,96360,0.79,0.51,2,107649,107199,450
1154281,7.29995,4.49975,454,96360,0.79,0.55,2,107657,107203,454
1157201,9.45999,7.29995,456,96360,0.806,0.51,2,107667,107211,456
1160121,107.492,9.45999,578,97820,0.8652,0.59,2,107799,107221,578
1163041,31.0984,103.492,463,97820,0.88504,0.6,2,107811,107348,463
1165961,42.2197,28.6984,498,97820,0.873008,0.65,2,107856,107358,498
1168881,17.2439,40.9397,465,97820,0.902602,0.67,2,107867,107402,465
1171801,11.4488,16.1879,465,99280,0.90852,0.69,2,107877,107412,465
1174721,3.88976,11.2376,457,99280,0.925704,0.69,2,107879,107422,457
1177641,7.17795,8.64752,457,99280,0.929141,0.71,2,107887,107430,457
1598121,12,6,488,122640,0.7,1,1,109815,109327,488
1601041,10.4,4.4,494,122640,0.94,1,2,109825,109331,494
1630241,9,6,504,125560,0.83,1,2,109897,109393,504
1631701,10.6,8.4,506,125560,0.83,1,2,109908,109402,506
2118961,8,18,474,59860,0.79,0.82,2,113102,112628,474
2121881,7.2,10.8,472,61320,0.958,0.8,2,113109,112637,472
2133561,13,27,510,62780,0.03,1,1,113479,112969,510
2136481,11.4,27,494,62780,0.078,1,1,113490,112996,494
2139401,10.28,16.6,490,62780,0.0396,1,1,113500,113010,490
2142321,8.456,14.52,484,62780,0.03192,1,1,113508,113024,484
2145241,8.0912,11.704,481,62780,0.006384,1,1,113516,113035,481
2148161,4.81824,8.7408,477,62780,0.0412768,1,1,113520,113043,477
2204721,7,8,422,65700,0.81,0,2,113930,113508,422
2207641,7.8,8,422,67160,0.81,0.05,2,113938,113516,422
2210561,45.56,4.8,473,67160,0.626,1,1,113993,113520,473
2213481,17.912,13.76,468,67160,0.7492,1,1,114004,113536,468
2216401,12.3824,2.752,479,67160,0.78184,1,2,114015,113536,479
2219321,8.07648,3.7504,482,67160,0.740368,1,1,114022,113540,482
2222241,4.8153,2.35008,484,67160,0.740074,1,1,114026,113542,484
2225161,4.16306,17.27,467,67160,0.748015,1,1,114030,113563,467
2228081,4.03261,5.054,469,67160,0.717603,1,1,114034,113565,469
2231001,4.00652,2.6108,471,67160,0.759521,1,2,114038,113567,471
2233921,18.4013,2.12216,491,67160,0.791904,1,2,114060,113569,491
2236841,6.88026,2.02443,493,67160,0.734381,1,1,114064,113571,493
2239761,4.57605,0.404886,497,67160,0.650876,1,1,114068,113571,497
2242681,5.71521,1.68098,501,67160,0.746175,1,1,114074,113573,501
2245601,4.34304,3.5362,501,67160,0.773235,1,2,114078,113577,501
2248521,3.26861,3.90724,500,67160,0.762647,0.98,2,114081,113581,500
2251441,91.0537,3.98145,609,67160,0.912529,1,2,114194,113585,609
2277721,58,55,462,68620,0.9,0.78,2,114455,113993,462
2280641,19.6,19.8,461,68620,0.844,0.79,2,114465,114004,461
2283561,10.32,12.76,458,68620,0.8728,0.73,2,114473,114015,458
2286481,6.864,8.152,457,68620,0.91856,0.74,2,114479,114022,457
2289401,6.1728,4.8304,459,68620,0.935712,0.75,2,114485,114026,459
2292321,2.83456,4.16608,457,68620,0.939142,0.71,2,114487,114030,457
2295241,5.36691,4.03322,459,68620,0.915828,0.77,2,114493,114034,459
2298161,2.67338,4.00664,457,68620,0.927166,0.8,2,114495,114038,457
2301081,13.3347,18.4013,451,68620,0.905433,0.72,2,114511,114060,451
2304001,15.4669,6.88027,463,68620,0.925087,0.63,2,114527,114064,463
2306921,4.69339,4.57605,461,68620,0.897017,0.77,2,114529,114068,461
2309841,4.13868,5.71521,459,70080,0.827403,0.78,2,114533,114074,459
2312761,7.22774,4.34304,463,70080,0.893481,0.76,2,114541,114078,463
2315681,4.64555,3.26861,464,70080,0.906696,0.95,2,114545,114081,464
2318601,93.7291,91.0537,467,70080,0.813339,0.95,2,114661,114194,467
2321521,28.3458,18.2107,479,70080,0.770668,0.97,2,114673,114194,479
2324441,126.469,14.0421,617,70080,0.850134,0.95,2,114824,114207,617
2327361,34.8938,122.008,480,70080,0.850027,0.97,2,114836,114356,480
2330281,12.5788,33.2017,476,70080,0.834005,0.97,2,114843,114367,476
2333201,8.11575,13.0403,475,70080,0.878801,0.97,2,114850,114375,475
2336121,6.42315,9.00807,473,70080,0.93576,0.95,2,114856,114383,473
2339041,2.88463,6.60161,469,70080,0.947152,0.95,2,114858,114389,469
2341961,5.37693,2.92032,473,70080,0.91743,0.93,2,114864,114391,473
2344881,44.2754,5.38406,521,70080,0.759486,0.9,2,114918,114397,521
2347801,18.4551,47.4768,475,70080,0.839897,0.83,2,114930,114455,475
2350721,12.491,17.4954,476,70080,0.847979,0.88,2,114941,114465,476
2353641,5.6982,9.89907,472,70080,0.817596,0.93,2,114945,114473,472
2356561,7.53964,6.77981,474,70080,0.875519,0.94,2,114953,114479,474
2359481,3.90793,6.15596,471,70080,0.911104,0.94,2,114956,114485,471
2362401,2.38159,2.83119,471,70080,0.886221,0.91,2,114958,114487,471
2365321,5.27632,5.36624,471,70080,0.817244,0.93,2,114964,114493,471
2368241,9.85526,2.67325,480,70080,0.835449,0.9,2,114975,114495,480
2371161,16.3711,13.3346,482,70080,0.81509,0.93,2,114993,114511,482
2374081,4.87421,15.4669,468,70080,0.851018,0.89,2,114995,114527,468
2377001,2.57484,4.69339,468,70080,0.834204,0.81,2,114997,114529,468
2379921,3.71497,4.13868,468,70080,0.766841,0.91,2,115001,114533,468
2382841,6.34299,7.22774,467,70080,0.857368,0.91,2,115008,114541,467
2385761,4.4686,4.64555,467,70080,0.915474,0.79,2,115012,114545,467
2447081,2,2,466,70080,0.77,0.75,2,115463,114997,466
2450001,5.2,3.6,468,70080,0.874,0.88,2,115469,115001,468
2452921,5.84,6.32,467,70080,0.8948,0.93,2,115475,115008,467
2455841,4.368,4.464,467,70080,0.92296,0.97,2,115479,115012,467
2517161,2,2,469,70080,0.86,0.9,2,115932,115463,469
2520081,6.8,5.2,471,70080,0.892,0.9,2,115940,115469,471
2523001,4.56,5.84,469,70080,0.9544,0.93,2,115944,115475,469
2774121,10,8,488,75920,0.65,1,1,117791,117303,488
2777041,6.8,5.6,489,75920,0.666,1,1,117797,117308,489
2779961,4.56,5.12,488,75920,0.6372,1,1,117801,117313,488
2782881,4.112,5.024,487,77380,0.63144,1,1,117805,117318,487
2785801,4.0224,5.8048,485,77380,0.646288,1,1,117809,117324,485
2788721,6.40448,4.36096,488,77380,0.665258,1,1,117816,117328,488
2791641,5.2809,4.07219,489,77380,0.653052,1,1,117821,117332,489
2794561,4.25618,13.6144,477,77380,0.63461,1,1,117825,117348,477
2797481,4.05124,5.92289,477,77380,0.662922,1,1,117829,117352,477
2800401,3.21025,5.18458,475,77380,0.668584,1,1,117832,117357,475
2803321,10.242,10.6369,475,77380,0.653717,1,1,117844,117369,475
2806241,10.8484,6.92738,480,77380,0.666743,1,1,117855,117375,480
2809161,17.3697,15.7855,481,77380,0.653349,1,1,117874,117393,481
2812081,77.8739,76.7571,482,77380,0.45867,1,1,117967,117485,482
2815001,29.1748,15.3514,499,78840,0.355734,1,1,117984,117485,499
2817921,127.435,15.0703,636,78840,0.303147,1,1,118136,117500,636
2820841,28.687,131.814,479,78840,0.260629,1,1,118140,117661,479
2823761,16.1374,36.7628,479,78840,0.220126,1,1,118153,117674,479
2826681,6.42748,13.7526,475,78840,0.244025,1,1,118157,117682,475
2829601,9.2855,9.15051,477,80300,0.184805,1,1,118167,117690,477
2832521,9.0571,9.8301,476,80300,0.220961,1,1,118176,117700,476
2835441,9.01142,8.36602,477,80300,0.308192,1,1,118185,117708,477
2838361,5.80228,6.4732,476,80300,0.277638,1,1,118190,117714,476
2841281,4.36046,7.69464,472,80300,0.271528,0.66,1,118194,117722,472
2844201,24.0721,39.1389,454,80300,0.502306,0.64,1,118223,117769,454
2847121,14.4144,17.4278,454,80300,0.580461,0.65,1,118235,117781,454
2850041,10.0829,11.4856,453,80300,0.532092,0.67,1,118244,117791,453
2852961,6.81658,7.09711,453,80300,0.490418,0.63,1,118250,117797,453
2855881,4.56332,4.61942,453,80300,0.442084,0.63,1,118254,117801,453
2858801,4.11266,0.923884,457,80300,0.416417,0.63,1,118258,117801,457
2861721,4.02253,3.38478,457,80300,0.379283,0.65,1,118262,117805,457
2864641,5.60451,3.87696,459,80300,0.307857,0.67,1,118268,117809,459
2867561,5.9209,6.37539,458,80300,0.261571,0.65,1,118274,117816,458
2870481,3.58418,5.27508,456,80300,0.236314,0.63,1,118277,117821,456
2873401,3.91684,4.25502,456,80300,0.199263,0.67,1,118281,117825,456
2876321,3.18337,4.051,455,80300,0.175853,0.67,1,118284,117829,455
2879241,11.0367,3.2102,465,80300,0.0911705,0.65,1,118297,117832,465
2882161,9.40733,10.242,462,80300,0.0262341,0.67,1,118306,117844,462
2885081,14.6815,10.8484,467,81760,0.0612468,0.65,1,118322,117855,467
2888001,69.3363,17.3697,531,81760,0.0362494,0.41,1,118405,117874,531
2890921,15.4673,77.8739,440,81760,0.00724987,0.33,1,118407,117967,440
2893841,14.2935,29.1748,437,81760,0.00944997,0.29,1,118421,117984,437
3277101,208,16,630,78840,0.46,1,1,121090,120460,630
3280021,69.6,174.4,451,78840,0.58,1,1,121125,120674,451
3282941,25.12,34.88,465,78840,0.636,1,1,121139,120674,465
3285861,15.424,6.976,478,80300,0.6632,1,1,121152,120674,478
3288781,12.6848,1.3952,490,80300,0.76464,1,2,121164,120674,490
3291701,8.93696,0.27904,498,80300,0.752928,1,2,121172,120674,498
3294621,6.58739,0.055808,504,81760,0.750586,1,2,121178,120674,504
3297541,4.51748,0.0111616,508,81760,0.782117,1,2,121182,120674,508
3300461,4.1035,0.00223232,512,81760,0.772423,1,2,121186,120674,512
3303381,4.0207,0.000446464,516,81760,0.802485,1,2,121190,120674,516
3306301,4.00414,8.92928e-05,520,83220,0.808497,1,2,121194,120674,520
3309221,4.00083,1.78585e-05,524,83220,0.809699,1,2,121198,120674,524
3312141,4.00017,3.57171e-06,528,83220,0.82594,1,2,121202,120674,528
3315061,4.00003,7.14342e-07,532,83220,0.845188,1,2,121206,120674,532
3317981,4.00001,1.42868e-07,536,83220,0.849038,1,2,121210,120674,536
3320901,4,2.85737e-08,540,83220,0.849808,1,2,121214,120674,540
3323821,12,5.71473e-09,554,84680,0.833961,1,2,121228,120674,554
3326741,5.6,1.14295e-09,558,84680,0.814792,1,2,121232,120674,558
3329661,11.52,2.28589e-10,571,84680,0.858958,1,2,121245,120674,571
3332581,11.904,55.2,514,84680,0.915792,1,2,121257,120743,514
3335501,13.5808,16.64,521,84680,0.895158,1,2,121271,120750,521
3338421,13.1162,3.328,534,86140,0.891032,1,2,121284,120750,534
3341341,9.02323,6.2656,535,86140,0.858206,1,2,121292,120757,535
3344261,7.40465,4.45312,538,86140,0.875641,1,2,121299,120761,538
3347181,6.28093,5.69062,538,86140,0.903128,0.38,2,121305,120767,538
3350101,12.4562,81.1381,452,86140,0.908626,0.38,2,121319,120867,452
3353021,11.2912,16.2276,463,86140,0.925725,0.43,2,121330,120867,463
3689861,14,17,489,43800,0.83,1,2,126707,126218,489
3692781,12.4,3.4,501,43800,0.798,1,2,126719,126218,501
3695701,9.68,13.48,494,43800,0.9596,1,2,126728,126234,494
3816881,18,12,493,42340,0.88,1,2,128208,127715,493
3819801,17.2,2.4,510,42340,0.856,1,2,128225,127715,510
3822721,13.84,11.68,509,42340,0.7712,1,2,128238,127729,509
3825641,13.168,15.936,505,42340,0.72224,1,1,128251,127746,505
3828561,10.6336,15.9872,499,42340,0.600448,1,1,128261,127762,499
3831481,19.7267,15.9974,505,42340,0.50409,1,1,128283,127778,505
3834401,19.9453,14.3995,511,42340,0.428818,1,1,128303,127792,511
3837321,19.9891,14.0799,517,42340,0.397764,1,1,128323,127806,517
3840241,195.198,224.416,479,42340,0.103553,1,1,128562,128083,479
3843161,63.0396,59.2832,491,43800,0.0287105,1,1,128592,128101,491
3846081,19.0079,11.8566,499,43800,0.0137421,1,1,128600,128101,499
3849001,11.8016,16.7713,491,43800,0.0107484,1,1,128610,128119,491
3851921,27.1603,14.5543,508,43800,0.13815,0.92,1,128641,128133,508
3854841,15.8321,36.5109,479,43800,0.0676299,0.92,1,128654,128175,479
3857761,15.1664,19.3022,479,43800,0.013526,0.88,1,128669,128190,479
3860681,12.6333,18.2604,473,43800,0.0107052,0.85,1,128681,128208,473
3863601,11.3267,17.2521,467,43800,0.026141,0.75,1,128692,128225,467
3866521,8.66533,13.8504,462,43800,0.0132282,0.71,1,128700,128238,462
3869441,7.33307,13.1701,456,45260,0.0266456,0.57,1,128707,128251,456
3872361,15.8666,10.634,464,45260,0.0293291,0.48,1,128725,128261,464
3875281,17.5733,19.7268,460,45260,0.0618658,0.41,1,128743,128283,460
3878201,19.5147,19.9454,460,45260,0.0363732,0.39,1,128763,128303,460
3879661,164.703,19.9891,641,45260,0.0312746,0.03,1,128964,128323,641
3882581,49.7406,195.198,423,45260,0.0302549,0.03,1,128985,128562,423
3885501,32.3481,39.0396,451,45260,0.014051,0.01,1,129013,128562,451
3888421,12.8696,31.8079,429,45260,0.0108102,0.01,1,129021,128592,429
3891341,10.5739,12.7616,431,45260,0.026162,0.01,1,129031,128600,431
3894261,29.3148,10.5523,455,45260,0.0292324,0.17,1,129065,128610,455
3897181,14.663,26.9105,435,45260,0.0778465,0.05,1,129076,128641,435
3900101,14.1326,15.7821,436,45260,0.0395693,0,1,129090,128654,436
3903021,12.4265,15.1564,433,45260,0.0159139,0.01,1,129102,128669,433
3905941,11.2853,12.6313,432,45260,0.0591828,0.03,1,129113,128681,432
3908861,8.65706,11.3263,429,45260,0.0358366,0.01,1,129121,128692,429
3911781,3.33141,8.66525,423,45260,0.00716731,0.03,1,129123,128700,423
3914701,6.26628,7.33305,423,45260,0.00943346,0.03,1,129130,128707,423
3917621,16.4533,15.8666,424,45260,0.0578867,0.07,1,129149,128725,424
3920541,20.8907,17.5733,428,45260,0.0515773,0.03,1,129171,128743,428
3923461,16.1781,19.5147,423,45260,0.0183155,0.03,1,129186,128763,423
3926381,179.236,164.703,442,45260,0.0276631,0.03,1,129406,128964,442
3929301,58.2471,49.7406,449,45260,0.0135326,0.01,1,129434,128985,449
3932221,18.8494,32.3481,430,45260,0.0107065,0.01,1,129443,129013,430
3935141,13.3699,12.8696,434,45260,0.0261413,0.03,1,129455,129021,434
3938061,29.874,10.5739,458,45260,0.0452283,0.03,1,129489,129031,458
3940981,13.1748,29.3148,433,45260,0.0810457,0.09,1,129498,129065,433
3943901,13.035,14.663,435,45260,0.104209,0.03,1,129511,129076,435
3946821,13.807,14.1326,435,45260,0.0288418,0.01,1,129525,129090,435
3949741,9.9614,12.4265,432,45260,0.0617684,0.07,1,129534,129102,432
3952661,9.19228,11.2853,430,45260,0.0523537,0.03,1,129543,129113,430
3955581,3.43846,8.65706,424,45260,0.0504707,0,1,129545,129121,424
3958501,6.28769,3.33141,429,45260,0.0500941,0.01,1,129552,129123,429
3961421,16.4575,6.26628,441,45260,0.0340188,0.07,1,129571,129130,441
3964341,20.0915,16.4533,443,45260,0.0148038,0.05,1,129592,129149,443
3967261,16.0183,20.8907,436,45260,0.0109608,0.01,1,129607,129171,436
3968721,164.004,16.1781,622,45260,0.0261922,0.03,1,129808,129186,622
3971641,48.8007,179.236,422,45260,0.0292384,0.01,1,129828,129406,422
3974561,32.1601,58.2471,422,45260,0.00584769,0.01,1,129856,129434,422
3977481,14.432,18.8494,423,45260,0.00116954,0.03,1,129866,129443,423
3980401,12.4864,13.3699,423,45260,0.00823391,0.05,1,129878,129455,423
3983321,31.2973,29.874,425,45260,0.00964678,0.09,1,129914,129489,425
3986241,14.2595,13.1748,426,45260,0.0259294,0.11,1,129924,129498,426
3989161,11.6519,13.035,424,45260,0.0931859,0.01,1,129935,129511,424
3992081,15.1304,13.807,426,45260,0.0906372,0.07,1,129951,129525,426
3995001,7.82608,9.9614,423,45260,0.0581274,0.05,1,129957,129534,423
3997921,8.76522,9.19228,423,45260,0.0676255,0.05,1,129966,129543,423
4000841,3.35304,3.43846,423,45260,0.0695251,0.05,1,129968,129545,423
4003761,5.47061,6.28769,422,45260,0.037905,0.03,1,129974,129552,422
4006681,16.2941,16.4575,422,45260,0.015581,0.01,1,129993,129571,422
4009601,20.0588,20.0915,422,45260,0.0431162,0.01,1,130014,129592,422
4012521,16.0118,16.0183,422,45260,0.0166232,0.03,1,130029,129607,422
4015441,179.202,164.004,441,45260,0.0273246,0.03,1,130249,129808,441
4018361,58.2405,48.8007,449,45260,0.00546493,0,1,130277,129828,449
4021281,19.6481,32.1601,431,45260,0.00109299,0,1,130287,129856,431
4024201,13.5296,14.432,433,45260,0.0402186,0.01,1,130299,129866,433
4027121,32.3059,12.4864,458,45260,0.0320437,0.01,1,130336,129878,458
4030041,16.8612,31.2973,435,45260,0.0144087,0.03,1,130349,129914,435
4032961,11.3722,14.2595,435,45260,0.0588817,0.11,1,130359,129924,435
4035881,14.2744,11.6519,439,45260,0.0997764,0.09,1,130374,129935,439
4038801,7.65489,15.1304,429,45260,0.107955,0.05,1,130380,129951,429
4041721,7.93098,7.82608,431,45260,0.109591,0.07,1,130388,129957,431
4044641,3.1862,8.76522,424,45260,0.109918,0.07,1,130390,129966,424
4047561,5.43724,3.35304,428,45260,0.109984,0.03,1,130396,129968,428
4050481,17.0874,5.47061,442,45260,0.125997,0.01,1,130416,129974,442
4053401,18.6175,16.2941,442,45260,0.281199,0.05,1,130435,129993,442
4056321,15.7235,20.0588,436,45260,0.32024,0.01,1,130450,130014,436
4057781,163.945,16.0118,622,45260,0.168048,0.03,1,130651,130029,622
4060701,48.7889,179.202,422,45260,0.0576096,0,1,130671,130249,422
4063621,32.1578,58.2405,422,45260,0.0515219,0,1,130699,130277,422
4066541,16.0316,19.6481,424,45260,0.0183044,0.05,1,130711,130287,424
4069461,12.0063,13.5296,423,45260,0.0276609,0.03,1,130722,130299,423
4072381,32.0013,32.3059,423,45260,0.0615322,0.01,1,130759,130336,423
4075301,18.4003,16.8612,425,45260,0.0443064,0.07,1,130774,130349,425
4078221,12.4801,11.3722,426,45260,0.112861,0.11,1,130785,130359,426
4081141,15.296,14.2744,427,45260,0.150572,0.11,1,130801,130374,427
4084061,7.8592,7.65489,427,45260,0.190114,0.11,1,130807,130380,427
4086981,7.97184,7.93098,427,45260,0.222023,0.11,1,130815,130388,427
4089901,3.19437,3.1862,427,45260,0.196405,0.11,1,130817,130390,427
4092821,5.43887,5.43724,427,45260,0.151281,0.13,1,130823,130396,427
4095741,16.2878,17.0874,426,45260,0.158256,0.32,1,130842,130416,426
4098661,28.8576,18.6175,439,45260,0.327651,0.33,1,130874,130435,439
4101581,12.1715,15.7235,432,45260,0.32953,0.13,1,130882,130450,432
4104501,170.434,163.945,441,45260,0.209906,0.03,1,131092,130651,441
4107421,56.4869,48.7889,449,45260,0.0419812,0.05,1,131120,130671,449
4110341,20.8974,32.1578,433,45260,0.0483962,0.01,1,131132,130699,433
4113261,13.7795,16.0316,433,45260,0.0176792,0.03,1,131144,130711,433
4116181,32.3559,12.0063,459,46720,0.0915359,0.07,1,131181,130722,459
4119101,21.6712,32.0013,441,46720,0.114307,0.04,1,131200,130759,441
4122021,13.9342,18.4003,438,46720,0.174861,0.13,1,131212,130774,438
4124941,17.1868,12.4801,445,46720,0.178972,0.16,1,131230,130785,445
4127861,8.23737,15.296,435,46720,0.235794,0.2,1,131236,130801,435
4130781,6.44747,7.8592,435,46720,0.223159,0.23,1,131242,130807,435
4133701,3.68949,7.97184,430,46720,0.228632,0.19,1,131245,130815,430
4136621,7.1379,3.19437,436,46720,0.237726,0.14,1,131253,130817,436
4139541,15.0276,5.43887,447,46720,0.279545,0.16,1,131270,130823,447
4142461,34.2055,16.2878,467,46720,0.615909,0.37,1,131309,130842,467
4145381,14.8411,28.8576,445,46720,0.691182,0.33,1,131319,130874,445
4159981,2,12,423,48180,0.83,0.11,2,131567,131144,423
4162901,32.4,32,426,48180,0.926,0.12,2,131607,131181,426
4403801,10,16,457,46720,0.25,0.59,1,133678,133221,457
4406721,8.4,14.4,451,48180,0.298,0.01,1,133686,133235,451
4409641,116.08,131.68,433,49640,0.5876,0.01,1,133829,133396,433
4412561,71.216,43.136,472,51100,0.45352,0.45,1,133889,133417,472
4415481,19.0432,35.0272,445,51100,0.394704,0.09,1,133895,133450,445
4418401,32.6086,43.0054,436,51100,0.486941,0.03,1,133931,133495,436
4421321,36.1217,31.8011,444,51100,0.417388,0.04,1,133968,133524,444
4424241,21.6243,22.3602,442,52560,0.411478,0.09,1,133986,133544,442
4427161,41.9249,30.072,457,52560,0.490296,0.19,1,134033,133576,457
4430081,17.985,28.4144,441,52560,0.530059,0.19,1,134045,133604,441
4433001,9.99699,18.4829,433,52560,0.538012,0.09,1,134053,133620,433
4435921,10.7994,14.0966,431,52560,0.515602,0.01,1,134064,133633,431
4438841,5.35988,10.8193,425,52560,0.51112,0.03,1,134068,133643,425
4441761,15.472,8.56386,435,54020,0.510224,0.01,1,134086,133651,435
4444681,15.0944,4.91277,446,54020,0.510045,0.3,1,134101,133655,446
4447601,4.61888,11.3826,435,54020,0.518009,0.25,1,134103,133668,435
4450521,10.5238,10.2765,437,54020,0.599602,0.25,1,134115,133678,437
4453441,6.10476,2.0553,442,54020,0.59992,0.31,1,134120,133678,442
4456361,2.82095,6.81106,436,54020,0.567984,0.66,1,134122,133686,436
4459281,126.164,115.762,450,54020,0.689597,0.66,1,134279,133829,450
4462201,64.4328,23.1524,499,55480,0.769919,0.42,2,134328,133829,499
4465121,16.8866,52.6305,444,55480,0.769984,0.38,2,134333,133889,444
4468041,36.9773,15.3261,480,55480,0.825997,0.51,2,134375,133895,480
4470961,34.5955,31.8652,478,55480,0.813199,0.4,2,134409,133931,478
4473881,8.51909,35.973,443,55480,0.85064,0.41,2,134411,133968,443
4476801,17.7038,21.5946,445,55480,0.906128,0.51,2,134431,133986,445
4710401,19,24,500,62780,0.48,1,1,136319,135819,500
4713321,22.2,21.6,502,62780,0.488,1,1,136342,135840,502
4716241,22.04,33.92,487,62780,0.2976,1,1,136364,135877,487
4719161,25.208,26.784,488,62780,0.13152,1,1,136390,135902,488
4722081,21.8416,20.5568,490,62780,0.050304,1,1,136411,135921,490
4725001,18.7683,16.9114,492,62780,0.0180608,1,1,136429,135937,492
4727921,15.7537,12.9823,495,62780,0.0276122,1,1,136444,135949,495
4730841,15.9507,13.7965,497,62780,0.237522,1,1,136460,135963,497
4733761,14.3901,12.3593,499,62780,0.231504,1,1,136474,135975,499
4736681,12.478,10.4719,501,62780,0.166301,1,1,136486,135985,501
4739601,10.4956,8.49437,503,62780,0.0732602,1,1,136496,135993,503
4742521,8.49912,13.6989,496,62780,0.022652,1,1,136504,136008,496
4745441,12.8998,13.1398,497,62780,0.13253,1,1,136518,136021,497
4748361,21.78,13.828,507,62780,0.202506,1,1,136542,136035,507
4751281,75.556,13.1656,583,62780,0.0405012,1,1,136631,136048,583
4754201,27.9112,80.2331,502,62780,0.4241,0.92,1,136647,136145,502
4757121,21.5822,32.0466,502,62780,0.47682,0.98,1,136667,136165,502
4760041,15.5164,24.0093,494,62780,0.471364,1,1,136681,136187,494
4762961,15.1033,25.6019,483,62780,0.470273,1,1,136696,136213,483
4765881,23.0207,15.5204,495,62780,0.278055,0.8,1,136721,136226,495
4768801,26.2041,31.9041,486,62780,0.0956109,0.63,1,136748,136262,486
4771721,14.0408,36.7808,459,62780,0.0431222,0.48,1,136759,136300,459
4774641,19.6082,22.5562,461,62780,0.00862444,0.49,1,136780,136319,461
4777561,14.3216,22.9112,451,62780,0.0257249,0.25,1,136793,136342,451
4780481,18.0643,22.1822,448,62780,0.013145,0.09,1,136812,136364,448
4783401,19.6129,25.2365,442,62780,0.026629,0.03,1,136832,136390,442
4786321,19.1226,21.8473,440,62780,0.0053258,0.01,1,136851,136411,440
4789241,17.4245,18.7695,439,62780,0.00106516,0.03,1,136868,136429,439
4792161,22.6849,15.7539,448,62780,0.00821303,0.29,1,136892,136444,448
4795081,11.737,15.9508,441,62780,0.553643,0.23,1,136901,136460,441
4818441,19,16,465,62780,0.13,0.49,1,137112,136647,465
4821361,14.2,19.2,458,62780,0.226,0.47,1,137125,136667,458
4824281,10.84,15.04,454,62780,0.3572,0.47,1,137135,136681,454
4827201,13.368,15.008,453,62780,0.39944,0.23,1,137149,136696,453
4830121,18.6736,23.0016,448,62780,0.471888,0.05,1,137169,136721,448
4833041,12.5347,26.2003,432,62780,0.422378,0.03,1,137180,136748,432
4835961,20.9069,14.0401,444,62780,0.364476,0,1,137203,136759,444
4838881,12.9814,19.608,434,62780,0.352895,0.03,1,137214,136780,434
4841801,17.7963,14.3216,440,62780,0.302579,0.01,1,137233,136793,440
4844721,20.3593,18.0643,442,62780,0.180516,0.03,1,137254,136812,442
4847641,18.4719,19.6129,440,62780,0.0361032,0,1,137272,136832,440
4850561,17.2944,19.1226,438,62780,0.0152206,0,1,137289,136851,438
4853481,49.0589,17.4245,478,62780,0.0590441,0.01,1,137346,136868,478
4856401,26.6118,22.6849,475,62780,0.163809,0.69,1,137367,136892,475
4859321,10.9224,11.737,473,62780,0.184762,1,1,137374,136901,473
4862241,8.58447,8.7474,473,62780,0.188952,1,1,137382,136909,473
4865161,7.31689,8.14948,472,62780,0.18979,1,1,137389,136917,472
4868081,12.6634,13.6299,471,62780,0.205958,1,1,137403,136932,471
4871001,26.5327,10.726,491,62780,0.257192,0.52,1,137433,136942,491
4873921,57.3065,26.1452,526,62780,0.235438,0.03,1,137498,136972,526
4876841,26.6613,89.229,440,62780,0.103088,0.03,1,137517,137077,440
4879761,28.5323,30.6458,453,62780,0.0446175,0.13,1,137546,137093,453
4882681,20.9065,21.3292,453,62780,0.0329235,0.25,1,137565,137112,453
4885601,12.9813,14.6658,451,62780,0.0785847,0.39,1,137576,137125,451
4888521,12.9963,10.9332,454,62780,0.0717169,0.41,1,137589,137135,454
4891441,18.5993,13.3866,460,62780,0.0703434,0.49,1,137609,137149,460
4894361,10.9199,18.6773,449,62780,0.102069,0.41,1,137618,137169,449
4897281,19.784,12.5355,460,62780,0.0924137,0.35,1,137640,137180,460
4900201,12.7568,20.9071,448,62780,0.122483,0.35,1,137651,137203,448
4903121,12.9514,12.9814,450,62780,0.0804965,0.29,1,137664,137214,450
4906041,11.3903,17.7963,442,62780,0.0880993,0.15,1,137675,137233,442
4908961,17.4781,20.3593,440,62780,0.0176199,0,1,137694,137254,440
4911881,17.0956,18.4719,439,62780,0.011524,0.01,1,137711,137272,439
4914801,52.2191,17.2944,483,62780,0.0743048,0.07,1,137772,137289,483
4917721,31.2438,49.0589,452,62780,0.102861,0.19,1,137798,137346,452
4920641,11.0488,26.6118,437,64240,0.124572,0.19,1,137804,137367,437
4923561,10.2098,10.9224,440,64240,0.160914,0.19,1,137814,137374,440
4926481,8.44195,8.58447,440,64240,0.168183,0.19,1,137822,137382,440
4929401,11.2884,7.31689,445,64240,0.201637,0.21,1,137834,137389,445
4932321,27.8577,12.6634,463,64240,0.224327,0.27,1,137866,137403,463
4935241,50.3715,26.5327,489,64240,0.276865,0.23,1,137922,137433,489
4938161,24.4743,57.3065,442,64240,0.303373,0.07,1,137940,137498,442
4941081,28.0949,26.6613,452,64240,0.308675,0.03,1,137969,137517,452
4944001,21.619,28.5323,443,64240,0.357735,0.03,1,137989,137546,443
4946921,12.3238,20.9065,434,64240,0.375547,0.09,1,137999,137565,434
4949841,13.6648,12.9813,437,64240,0.387109,0.07,1,138013,137576,437
4952761,19.533,12.9963,445,64240,0.405422,0.07,1,138034,137589,445
4955681,10.3066,18.5993,433,64240,0.377084,0.11,1,138042,137609,433
4958601,21.2613,10.9199,448,64240,0.387417,0.09,1,138066,137618,448
4961521,12.2523,19.784,436,64240,0.373483,0.13,1,138076,137640,436
4964441,12.0505,12.7568,437,64240,0.370697,0.07,1,138088,137651,437
4967361,10.4101,12.9514,434,64240,0.386139,0.09,1,138098,137664,434
4970281,16.482,11.3903,441,64240,0.325228,0,1,138116,137675,441
4973201,16.0964,17.4781,438,64240,0.249046,0.01,1,138132,137694,438
4976121,56.0193,17.0956,487,65700,0.201809,0.09,1,138198,137711,487
4979041,32.8039,52.2191,453,65700,0.208362,0.11,1,138225,137772,453
4981961,8.16077,31.2438,429,65700,0.209672,0.13,1,138227,137798,429
4984881,7.23215,11.0488,430,65700,0.193934,0.17,1,138234,137804,430
4987801,9.44643,10.2098,430,65700,0.238787,0.17,1,138244,137814,430
4990721,9.88929,8.44195,432,65700,0.247757,0.21,1,138254,137822,432
4993641,11.5779,11.2884,432,65700,0.313551,0.23,1,138266,137834,432
4996561,28.7156,27.8577,433,65700,0.35871,0.29,1,138299,137866,433
4999481,52.9431,50.3715,436,65700,0.431742,0.31,1,138358,137922,436
5002401,25.7886,24.4743,437,65700,0.430348,0.31,1,138377,137940,437
5005321,29.1577,28.0949,438,65700,0.44607,0.37,1,138407,137969,438
5008241,23.4315,21.619,440,67160,0.561214,0.38,1,138429,137989,440
5011161,13.4863,12.3238,441,67160,0.568243,0.39,1,138440,137999,441
5014081,13.8973,13.6648,441,67160,0.569649,0.41,1,138454,138013,441
5017001,18.7795,19.533,440,67160,0.56993,0.37,1,138474,138034,440
5019921,10.9559,10.3066,441,67160,0.585986,0.39,1,138483,138042,441
5022841,20.5912,21.2613,440,67160,0.573197,0.37,1,138506,138066,440
5025761,12.1182,12.2523,440,67160,0.538639,0.37,1,138516,138076,440
5028681,12.8236,12.0505,441,67160,0.547728,0.39,1,138529,138088,441
5031601,10.5647,10.4101,441,67160,0.533546,0.31,1,138539,138098,441
5034521,11.7129,16.482,435,67160,0.562709,0.23,1,138551,138116,435
5037441,11.9426,16.0964,431,67160,0.568542,0.23,1,138563,138132,431
5040361,55.1885,3.21928,497,67160,0.569708,0.19,1,138629,138132,497
5043281,32.6377,53.4439,458,68620,0.553942,0.21,1,138656,138198,458
5046201,8.12754,32.2888,433,68620,0.550788,0.21,1,138658,138225,433
5049121,8.82551,8.05775,440,68620,0.566158,0.19,1,138667,138227,440
5052041,9.7651,7.21155,443,68620,0.569232,0.25,1,138677,138234,443
5054961,13.153,9.44231,447,68620,0.569846,0.25,1,138691,138244,447
5057881,12.2306,9.88846,449,68620,0.585969,0.33,1,138703,138254,449
5060801,28.8461,11.5777,470,68620,0.589194,0.37,1,138736,138266,470
5063721,57.7692,28.7155,502,68620,0.669839,0.45,1,138801,138299,502
5066641,25.9538,52.9431,461,70080,0.701968,0.43,1,138819,138358,461
5069561,32.3908,25.7886,476,70080,0.724394,0.45,1,138853,138377,476
5072481,8.07815,29.1577,448,70080,0.776879,0.59,2,138855,138407,448
5075401,20.0156,23.4315,449,70080,0.803376,0.57,2,138878,138429,449
5078321,13.6031,13.4863,450,70080,0.824675,0.57,2,138890,138440,450
5081241,13.9206,13.8973,450,71540,0.876935,0.57,2,138904,138454,450
5084161,18.7841,18.7795,450,71540,0.903387,0.59,2,138924,138474,450
5087081,10.1568,10.9559,449,71540,0.908677,0.57,2,138932,138483,449
5090001,19.6314,20.5912,448,71540,0.909736,0.53,2,138954,138506,448
5092921,11.9263,12.1182,448,71540,0.877947,0.55,2,138964,138516,448
5095841,12.7853,12.8236,448,71540,0.887589,0.53,2,138977,138529,448
5098761,10.5571,10.5647,448,71540,0.873518,0.57,2,138987,138539,448
5101681,11.7114,11.7129,448,71540,0.902704,0.57,2,138999,138551,448
5104601,12.7423,11.9426,449,71540,0.892541,0.57,2,139012,138563,449
5107521,54.5485,55.1885,448,71540,0.938508,0.57,2,139077,138629,448
5110441,32.5097,11.0377,475,73000,0.947702,0.55,2,139104,138629,475
5113361,8.10194,23.8075,450,73000,0.94954,0.55,2,139106,138656,450
5412661,75,98,445,65960,0.19,0.51,1,141369,140924,445
5431641,55,57.2,448,65960,0.062,0.43,1,141419,140971,448
5446241,61.4,67.44,441,65960,0.1804,0.33,1,141482,141041,441
5515121,33.88,41.488,433,65960,0.12408,0.31,1,141509,141076,433
5518041,204.376,193.898,448,68620,0.096816,0.33,1,141756,141308,448
5520961,54.4752,52.3795,448,70080,0.123363,0.25,1,141773,141325,448
5523881,26.095,30.4759,442,71540,0.160673,0.19,1,141792,141350,442
5526801,19.619,21.2952,441,73000,0.200135,0.05,1,141810,141369,441
5529721,19.9238,25.059,435,74460,0.160027,0.03,1,141830,141395,435
5532641,29.5848,24.2118,443,75920,0.408005,0.11,1,141862,141419,443
5535561,21.917,21.6424,442,77380,0.681601,0.17,1,141882,141440,442
5538481,19.5834,20.3285,441,78840,0.92832,0.31,2,141901,141460,441
5588161,20,0,445,81760,0.41,0.13,1,142201,141756,445
5591081,5.6,13.6,430,81760,0.41,0.17,1,142203,141773,430
5594001,18.72,17.92,433,81760,0.474,0.17,1,142225,141792,433
5596921,16.544,3.584,449,81760,0.4548,0.21,1,142241,141792,449
5599841,4.9088,15.1168,433,83220,0.45096,0.15,1,142243,141810,433
5602761,17.7818,19.0234,434,83220,0.554192,0.15,1,142264,141830,434
5605681,44.3564,3.80467,485,83220,0.606838,0.47,1,142315,141830,485
5608601,10.4713,26.3609,455,83220,0.585368,0.75,1,142317,141862,455
5611521,22.8943,21.2722,461,83220,0.573074,0.75,1,142343,141882,461
5614441,26.9789,4.25444,489,84680,0.658615,0.99,1,142371,141882,489
5617361,10.1958,16.0509,476,84680,0.691723,0.95,1,142377,141901,476
5620281,12.4392,8.01018,483,84680,0.762345,1,2,142390,141907,483
5623201,6.48783,12.002,475,84680,0.792469,0.97,2,142395,141920,475
5626121,7.69757,8.00041,476,84680,0.806494,1,2,142403,141927,476
5629041,5.53951,7.20008,474,84680,0.833299,1,2,142408,141934,474
5631961,2.7079,3.04002,474,84680,0.83866,1,2,142410,141936,474
5634881,2.14158,2.208,474,86140,0.807732,1,2,142412,141938,474
5637801,2.02832,2.0416,474,86140,0.833546,1,2,142414,141940,474
5640721,2.00566,2.00832,474,86140,0.838709,1,2,142416,141942,474
5643641,2.00113,2.00166,474,86140,0.799742,1,2,142418,141944,474
5646561,2.00023,2.00033,474,86140,0.791948,1,2,142420,141946,474
5649481,7.60005,2.00007,481,86140,0.82239,1,2,142429,141948,481
5652401,7.92001,2.00001,487,86140,0.828478,1,2,142437,141950,487
5655321,4.784,2,489,86140,0.861696,1,2,142441,141952,489
5658241,2.5568,0.400001,491,86140,0.836339,1,2,142443,141952,491
5661161,2.11136,5.68,486,86140,0.831268,1,2,142445,141959,486
6056161,21,40,502,74460,0.81,1,2,145154,144652,502
6059081,18.6,25.6,498,75920,0.794,1,2,145172,144674,498
6062001,39.72,24.32,519,75920,0.5828,1,1,145217,144698,519
6064921,19.944,21.664,513,75920,0.47656,1,1,145232,144719,513
6067841,17.5888,30.7328,497,75920,0.407312,0.99,1,145249,144752,497
6070761,22.7178,34.1466,486,75920,0.329462,1,1,145273,144787,486
6073681,15.7436,19.6293,484,75920,0.249892,1,1,145287,144803,484
6076601,16.7487,13.5259,489,75920,0.233978,1,1,145304,144815,489
6079521,11.3497,13.1052,486,75920,0.182796,1,1,145314,144828,486
6082441,7.86995,7.42103,487,75920,0.156559,1,1,145321,144834,487
6085361,4.77399,5.48421,486,77380,0.151312,1,1,145325,144839,486
6088281,4.9548,4.29684,487,77380,0.150262,1,1,145330,144843,487
6091201,4.19096,4.85937,486,77380,0.150052,1,1,145334,144848,486
6094121,4.83819,4.17187,487,77380,0.15001,1,1,145339,144852,487
6097041,4.16764,0.834375,491,77380,0.166002,1,1,145343,144852,491
6099961,4.03353,3.36687,491,77380,0.1532,1,1,145347,144856,491
6102881,4.80671,5.47338,490,77380,0.13464,1,1,145352,144862,490
6105801,4.16134,4.29468,490,77380,0.130928,1,1,145356,144866,490
6108721,5.63227,4.05893,492,77380,0.114186,1,1,145362,144870,492
6111641,85.9265,4.01179,594,77380,0.126837,1,1,145468,144874,594
6114561,43.5853,96.8024,507,77380,0.0813674,0.96,1,145501,144994,507
6117481,23.9171,44.1605,495,77380,0.0402735,1,1,145520,145025,495
6120401,20.7834,27.2321,492,77380,0.0640547,0.98,1,145540,145048,492
6123321,18.5567,23.0464,488,78840,0.0528109,0.91,1,145558,145070,488
6126241,31.7113,20.6093,503,78840,0.0185622,0.86,1,145593,145090,503
6129161,19.9423,38.5219,477,78840,0.00371244,0.81,1,145610,145133,477
6132081,5.58845,24.5044,458,78840,0.0247425,0.79,1,145612,145154,458
6135001,13.9177,19.3009,456,78840,0.0769485,0.53,1,145628,145172,456
6137921,29.9835,39.8602,445,78840,0.0153897,0.45,1,145662,145217,445
6140841,17.1967,19.972,444,78840,0.0430779,0.39,1,145676,145232,444
6143761,13.0393,17.5944,439,78840,0.0486156,0.31,1,145688,145249,439
6146681,17.0079,22.7189,433,78840,0.0497231,0.23,1,145706,145273,433
6149601,13.8016,15.7438,432,78840,0.0819446,0.23,1,145719,145287,432
6152521,14.7603,16.7488,430,78840,0.0563889,0.17,1,145734,145304,430
6155441,9.35206,11.3498,428,78840,0.0672778,0.15,1,145742,145314,428
6158361,7.47041,7.86995,428,78840,0.0534556,0.15,1,145749,145321,428
6161281,4.69408,1.57399,432,78840,0.0346911,0.15,1,145753,145321,432
6164201,4.13882,3.5148,432,78840,0.0309382,0.15,1,145757,145325,432
6167121,4.82776,4.70296,432,78840,0.00618764,0.15,1,145762,145330,432
6170041,4.16555,4.14059,432,78840,0.00123753,0.15,1,145766,145334,432
6172961,4.03311,4.82812,431,78840,0.0402475,0.17,1,145770,145339,431
6175881,4.00662,4.16562,431,78840,0.0160495,0.15,1,145774,145343,431
6178801,4.00132,4.03312,431,78840,0.0112099,0.13,1,145778,145347,431
6181721,4.00026,4.80662,430,78840,0.010242,0.13,1,145782,145352,430
6184641,4.80005,4.16132,431,78840,0.0020484,0.11,1,145787,145356,431
6272241,32,22,504,80300,0.95,1,2,146451,145947,504
6615341,95,107,471,54320,0.05,0.92,1,148675,148204,471
6618261,27.8,26.2,476,56940,0.098,0.89,1,148686,148210,476
6618561,15.96,17.24,474,58400,0.1236,0.92,1,148699,148225,474
6621481,22.392,25.048,471,58400,0.04872,0.84,1,148723,148252,471
6624401,16.4784,19.4096,468,59860,0.065744,0.67,1,148738,148270,468
6836101,34,48,461,52560,0.11,0.57,1,150678,150217,461
6894501,39.6,56,444,52560,0.126,0.37,1,150719,150275,444
6897421,27.92,29.6,446,54020,0.0972,0.11,1,150744,150298,446
6900341,27.184,29.92,443,55480,0.20344,0.01,1,150771,150328,443
6903261,36.6368,31.584,450,56940,0.128688,0.05,1,150810,150360,450
6906181,20.1274,35.9168,429,56940,0.0977376,0,1,150826,150397,429
6909101,21.6255,19.1834,436,56940,0.0435475,0.01,1,150848,150412,436
6912021,21.9251,24.6367,432,56940,0.0087095,0.01,1,150870,150438,432
6914941,29.185,22.5273,441,58400,0.105742,0.19,1,150901,150460,441
6917861,21.037,22.1055,438,58400,0.221148,0.13,1,150920,150482,438
6920781,14.6074,18.8211,433,58400,0.29223,0.01,1,150933,150500,433
6923701,20.5215,19.7642,435,58400,0.322446,0,1,150955,150520,435
6926621,23.3043,24.7528,433,58400,0.296489,0.05,1,150979,150546,433
6929541,37.4609,20.9506,454,58400,0.291298,0.01,1,151020,150566,454
6932461,30.6922,40.9901,437,58400,0.22626,0.05,1,151049,150612,437
6935381,20.5384,27.398,431,58400,0.277252,0.07,1,151067,150636,431
6938301,15.3077,17.4796,430,59860,0.27145,0.07,1,151081,150651,430
6941221,19.8615,14.6959,437,59860,0.22229,0.09,1,151102,150665,437
6944141,23.9723,19.7392,441,59860,0.356458,0.09,1,151127,150686,441
6947061,19.1945,20.7478,438,59860,0.319292,0.13,1,151145,150707,438
6949981,28.6389,13.7496,457,59860,0.423858,0.09,1,151176,150719,457
6952901,7.32778,22.7499,434,59860,0.444772,0.23,1,151178,150744,434
6955821,27.0656,26.15,439,59860,0.496954,0.23,1,151210,150771,439
6958741,25.4131,5.23,464,59860,0.539391,0.11,1,151235,150771,464
6961661,15.4826,32.246,438,59860,0.563878,0.09,1,151248,150810,438
6964581,19.8965,19.2492,443,59860,0.520776,0.03,1,151269,150826,443
6967501,24.7793,21.4498,447,59860,0.432155,0,1,151295,150848,447
6970421,6.55586,21.89,427,59860,0.414431,0.13,1,151297,150870,427
6973341,33.3112,29.178,436,59860,0.698886,0.25,1,151337,150901,436
6976261,22.6622,21.0356,437,61320,0.803777,0.31,2,151357,150920,437
6979181,15.7324,14.6071,438,61320,0.824755,0.33,2,151371,150933,438
6982101,20.7465,20.5214,438,61320,0.828951,0.29,2,151393,150955,438
6985021,20.9493,23.3043,435,61320,0.78179,0.29,2,151414,150979,435
6987941,35.3899,37.4609,433,61320,0.804358,0.21,2,151453,151020,433
6990861,29.478,30.6922,432,61320,0.792872,0.29,2,151481,151049,432
6993781,20.2956,20.5384,432,61320,0.790574,0.29,2,151499,151067,432
6996701,15.2591,4.10769,446,61320,0.806115,0.27,2,151513,151067,446
6999621,24.6518,12.0215,459,61320,0.857223,0.21,2,151540,151081,459
7002541,24.9304,19.2043,463,61320,0.899445,0.39,2,151565,151102,463
7005461,20.9861,23.8409,458,61320,0.923889,0.31,2,151585,151127,458
7166061,24,18,491,64240,0.77,1,2,152826,152335,491
7168981,23.2,22.8,490,64240,0.738,1,1,152849,152359,490
7171901,23.04,23.76,489,64240,0.6836,1,1,152872,152383,489
7174821,31.808,23.152,500,64240,0.65672,1,1,152906,152406,500
7177741,25.5616,25.4304,498,64240,0.603344,1,1,152930,152432,498
7180661,24.3123,23.4861,499,64240,0.544669,1,1,152954,152455,499
7183581,18.4625,23.8972,492,64240,0.564934,1,1,152971,152479,492
7186501,33.2925,23.1794,506,64240,0.528987,1,1,153008,152502,506
7189421,21.0585,19.0359,506,64240,0.505797,1,1,153026,152520,506
7192341,24.2117,18.2072,513,64240,0.509159,1,1,153051,152538,513
7195261,23.2423,16.4414,520,64240,0.557832,1,1,153074,152554,520
7198181,15.8485,21.6883,511,64240,0.583566,1,1,153088,152577,511
7201101,9.56969,22.7377,496,64240,0.636713,1,1,153096,152600,496
7204021,13.1139,19.7475,491,64240,0.631343,1,1,153110,152619,491
7206941,21.0228,17.5495,497,64240,0.718269,1,1,153133,152636,497
7209861,21.0046,25.1099,491,64240,0.719654,1,1,153154,152663,491
7212781,21.8009,22.622,491,64240,0.743931,1,1,153176,152685,491
7215701,15.5602,23.7244,481,64240,0.796786,1,2,153190,152709,481
7218621,19.112,19.9449,482,64240,0.663357,0.98,1,153210,152728,482
7221541,11.8224,15.189,478,64240,0.668671,0.89,1,153220,152742,478
7224461,11.1645,13.4378,476,64240,0.589734,0.87,1,153231,152755,476
7227381,32.6329,40.2876,467,64240,0.669947,0.77,1,153269,152802,467
7230301,21.7266,27.2575,462,64240,0.701989,0.73,1,153288,152826,462
7244901,23,24,448,64240,0.85,0.57,2,153402,152954,448
7247821,16.6,18.4,446,64240,0.834,0.52,2,153417,152971,446
7250741,33.72,33.28,447,64240,0.6068,0.5,1,153455,153008,447
7253661,21.944,21.056,448,64240,0.55336,0.51,1,153474,153026,448
7256581,24.3888,24.2112,448,64240,0.518672,0.57,1,153499,153051,448
7259501,23.2778,23.2422,448,64240,0.543734,0.59,1,153522,153074,448
7262421,21.4556,15.8484,455,64240,0.500747,0.65,1,153543,153088,455
7265341,8.29111,9.56969,452,64240,0.540149,0.63,1,153548,153096,452
7268261,12.8582,13.1139,452,64240,0.45203,0.74,1,153562,153110,452
7271181,27.3716,21.0228,460,64240,0.482406,0.72,1,153593,153133,460
7274101,21.4743,21.0046,459,64240,0.488481,0.75,1,153613,153154,459
7277021,22.6949,21.8009,460,64240,0.585696,0.81,1,153636,153176,460
7279941,12.539,15.5602,456,64240,0.557139,0.63,1,153646,153190,456
7282861,17.7078,19.112,455,64240,0.599428,0.67,1,153665,153210,455
7285781,6.74156,11.8224,449,64240,0.607886,0.57,1,153669,153220,449
7288701,8.54831,11.1645,447,64240,0.641577,0.69,1,153678,153231,447
7291621,37.7097,32.6329,454,64240,0.696315,0.71,1,153723,153269,454
7294541,26.7419,21.7266,459,64240,0.675263,1,1,153747,153288,459
7297461,31.7484,19.5453,473,64240,0.703053,1,1,153780,153307,473
7300381,18.3497,19.1091,469,64240,0.756611,0.75,2,153795,153326,469
7303301,26.0699,27.8218,467,64240,0.807322,0.85,2,153823,153356,467
7306221,18.014,23.9644,460,64240,0.801464,0.85,2,153839,153379,460
7309141,24.4028,23.1929,463,64240,0.840293,0.83,2,153865,153402,463
7312061,13.6806,16.6386,459,64240,0.864059,0.55,2,153876,153417,459
7314981,24.3361,33.7277,448,64240,0.900812,0.54,2,153903,153455,448
7317901,18.4672,21.9455,446,64240,0.876162,0.51,2,153920,153474,446
7320821,22.8934,24.3891,445,64240,0.855232,0.55,2,153944,153499,445
7323741,22.9787,23.2778,445,64240,0.947046,0.49,2,153967,153522,445
7496021,19,29,490,70080,0.69,1,1,155232,154742,490
7498941,23,25,490,70080,0.674,1,1,155256,154766,490
7501861,23.8,22.6,492,70080,0.6228,1,1,155280,154788,492
7504781,22.36,20.52,494,70080,0.50056,1,1,155302,154808,494
7507701,22.072,18.504,498,70080,0.428112,1,1,155324,154826,498
7509161,21.2144,25.3008,492,70080,0.333622,1,1,155345,154853,492
7535441,366.643,416.26,431,48180,0.154724,0.01,1,155798,155367,431
7596761,208.529,226.452,421,48180,0.0549449,0.01,1,155967,155546,421
7599681,62.5057,50.0904,441,49640,0.162989,0,1,155993,155552,441
7602601,35.7011,32.4181,442,51100,0.104598,0.01,1,156022,155580,442
7605521,26.3402,29.6836,437,52560,0.14092,0.01,1,156046,155609,437
7608441,21.268,33.1367,423,54020,0.244184,0.15,1,156066,155643,423
7611361,41.0536,29.8273,440,55480,0.168837,0.05,1,156112,155672,440
7614281,25.0107,34.7655,425,56940,0.281767,0.03,1,156133,155708,425
7617201,20.2021,22.1531,425,58400,0.400353,0.13,1,156152,155727,425
7620121,18.4404,18.8306,425,58400,0.408071,0.11,1,156170,155745,425
7623041,22.0881,18.1661,430,58400,0.505614,0.15,1,156193,155763,430
7625961,15.6176,16.4332,428,59860,0.541123,0.15,1,156207,155779,428
7628881,14.3235,9.68664,434,59860,0.580225,0.15,1,156221,155787,434
7631801,34.8647,31.5373,437,59860,0.588045,0.07,1,156261,155824,437
7634721,25.3729,31.1075,429,59860,0.573609,0.01,1,156284,155855,429
7637641,32.2746,27.8215,436,59860,0.538722,0,1,156318,155882,436
7640561,29.6549,31.1643,433,61320,0.435744,0.05,1,156347,155914,433
7643481,26.731,27.0329,433,61320,0.447149,0.03,1,156373,155940,433
7646401,19.7462,27.0066,424,61320,0.48143,0.19,1,156391,155967,424
7649321,26.3492,26.2013,426,61320,0.520286,0.19,1,156419,155993,426
7652241,29.2698,5.24026,456,61320,0.528057,0.09,1,156449,155993,456
7655161,7.45397,24.2481,429,61320,0.561611,0.15,1,156451,156022,429
7658081,21.4908,24.0496,430,61320,0.600322,0.15,1,156476,156046,430
7661001,19.4982,4.80992,449,61320,0.608064,0.27,1,156495,156046,449
7663921,5.49963,16.962,431,61320,0.641613,0.15,1,156497,156066,431
7666841,39.4999,40.1924,433,61320,0.680323,0.15,1,156545,156112,433
7669761,27.1,8.03848,457,61320,0.624065,0.31,1,156569,156112,457
7672681,7.02,18.4077,438,61320,0.612813,0.43,1,156571,156133,438
7675601,20.604,18.8815,443,61320,0.770563,0.41,2,156595,156152,443
7678521,16.9208,18.1763,441,62780,0.834113,0.53,2,156611,156170,441
7681441,25.7842,22.0353,446,62780,0.910823,0.53,2,156639,156193,446
7684361,16.3568,4.40705,460,62780,0.942164,0.55,2,156653,156193,460
7698961,2,34,449,64240,0.97,0.41,2,156767,156318,449
7928181,15,8,470,48180,0.17,0.73,1,158558,158088,470
7931101,23.8,16,478,49640,0.202,0.43,1,158584,158106,478
7934021,27.96,50.4,448,51100,0.2884,0.21,1,158613,158165,448
7936941,28.792,40.48,439,52560,0.33768,0.07,1,158642,158203,439
7939861,35.3584,44.096,431,52560,0.427536,0.05,1,158679,158248,431
7942781,24.6717,24.8192,433,52560,0.525507,0.01,1,158701,158268,433
7945701,26.5343,24.9638,435,52560,0.465101,0.03,1,158728,158293,435
7948621,23.7069,24.9928,433,52560,0.38902,0.03,1,158751,158318,433
7951541,16.7414,20.1986,429,52560,0.341804,0.01,1,158766,158337,429
7954461,17.7483,18.4397,429,52560,0.364361,0.05,1,158784,158355,429
7957381,23.5497,13.2879,442,52560,0.400872,0.03,1,158809,158367,442
7960301,20.7099,24.2576,435,52560,0.360174,0.03,1,158829,158394,435
7963221,29.742,24.8515,442,52560,0.336035,0.03,1,158861,158419,442
7966141,46.7484,45.7703,442,52560,0.235207,0.05,1,158912,158470,442
7969061,31.7497,29.1541,445,52560,0.231041,0.07,1,158940,158495,445
7971981,31.9499,29.0308,448,52560,0.246208,0.09,1,158972,158524,448
7974901,17.59,21.0062,443,52560,0.265242,0.17,1,158986,158543,443
7977821,5.118,16.2012,430,52560,0.269048,0.21,1,158988,158558,430
7980741,27.4236,24.0402,437,54020,0.36581,0.21,1,159021,158584,437
7983661,32.6847,4.80805,471,54020,0.321162,0.31,1,159055,158584,471
7986581,8.13694,24.1616,444,54020,0.312232,0.35,1,159057,158613,444
7989501,24.0274,28.0323,443,54020,0.294446,0.45,1,159085,158642,443
7992421,34.4055,35.2065,443,54020,0.274889,0.55,1,159122,158679,443
7995341,26.8811,24.6413,446,54020,0.238978,0.45,1,159147,158701,446
7998261,24.5762,26.5283,443,54020,0.215796,0.37,1,159171,158728,443
8001181,18.5152,23.7057,437,54020,0.227159,0.33,1,159188,158751,437
8004101,16.503,16.7411,438,54020,0.245432,0.37,1,159204,158766,438
8007021,16.9006,17.7482,437,54020,0.249086,0.41,1,159221,158784,437
8009941,26.5801,23.5496,441,54020,0.281817,0.35,1,159250,158809,441
8012861,17.316,20.7099,436,54020,0.336363,0.33,1,159265,158829,436
8015781,29.0632,29.742,436,54020,0.347273,0.21,1,159297,158861,436
8018701,45.0126,46.7484,434,54020,0.381455,0.23,1,159346,158912,434
8021621,30.6025,31.7497,433,54020,0.340291,0.25,1,159373,158940,433
8024541,32.5205,31.9499,434,55480,0.332058,0.27,1,159406,158972,434
8027461,18.5041,17.59,435,55480,0.314412,0.27,1,159421,158986,435
8030381,5.30082,5.118,435,55480,0.342882,0.27,1,159423,158988,435
8033301,29.8602,1.0236,471,55480,0.444577,0.39,1,159459,158988,471
8036221,29.972,26.6047,468,55480,0.528915,0.31,1,159489,159021,468
8039141,7.59441,32.5209,436,55480,0.545783,0.31,1,159491,159055,436
8042061,24.7189,8.10419,463,55480,0.565157,0.29,1,159520,159057,463
8044981,34.5438,24.0208,472,55480,0.585031,0.27,1,159557,159085,472
8047901,22.1088,34.4042,454,55480,0.605006,0.23,1,159576,159122,454
8050821,25.2218,26.8808,455,55480,0.609001,0.21,1,159602,159147,455
8053741,20.2443,24.5762,450,55480,0.6258,0.23,1,159621,159171,450
8056661,16.8489,18.5152,449,55480,0.62916,0.25,1,159637,159188,449
8059581,16.9698,16.503,450,55480,0.629832,0.25,1,159654,159204,450
8062501,28.994,16.9006,465,56940,0.613966,0.29,1,159686,159221,465
8065421,18.5988,26.5801,452,56940,0.578793,0.35,1,159702,159250,452
8068341,30.1198,17.316,470,56940,0.571759,0.35,1,159735,159265,470
8071261,45.224,29.0632,487,56940,0.634352,0.39,1,159784,159297,487
8074181,29.8448,45.0126,464,56940,0.67887,0.33,1,159810,159346,464
8077101,7.56896,30.6025,439,56940,0.687774,0.33,1,159812,159373,439
8080021,27.1138,32.5205,438,56940,0.705555,0.31,1,159844,159406,438
8082941,16.6228,18.5041,437,56940,0.757111,0.35,2,159858,159421,437
8085861,4.92455,5.30082,437,56940,0.767422,0.47,2,159860,159423,437
8088781,36.1849,29.8602,445,56940,0.769484,0.55,2,159904,159459,445
8091701,34.437,29.972,449,56940,0.801897,0.55,2,159938,159489,449
8094621,8.4874,7.59441,449,56940,0.856379,0.57,2,159940,159491,449
8097541,27.2975,24.7189,452,56940,0.851276,0.59,2,159972,159520,452
8100461,35.8595,34.5438,453,56940,0.874255,0.61,2,160010,159557,453
8103381,21.5719,22.1088,452,56940,0.878851,0.61,2,160028,159576,452
8106301,25.9144,25.2218,453,56940,0.93577,0.63,2,160055,159602,453
8325301,26,25,513,56940,0.79,1,2,161942,161429,513
8328221,24.4,23.4,514,56940,0.758,1,2,161966,161452,514
8331141,23.28,21.48,516,56940,0.7196,1,1,161989,161473,516
8334061,19.856,24.296,510,56940,0.71192,1,1,162008,161498,510
8336981,19.9712,23.2592,507,56940,0.742384,1,1,162028,161521,507
8339901,19.9942,20.6518,507,56940,0.716477,1,1,162048,161541,507
8342821,19.9988,19.3304,508,56940,0.663295,1,1,162068,161560,508
8345741,17.5998,16.6661,509,56940,0.588659,1,1,162085,161576,509
8348661,26.72,21.7332,515,58400,0.477732,1,1,162114,161599,515
8351581,33.344,30.7466,517,58400,0.423546,1,1,162149,161632,517
8354501,28.2688,47.7493,492,58400,0.364709,1,1,162176,161684,492
8357421,41.6538,29.5499,512,58400,0.272942,1,1,162221,161709,512
8360341,25.9308,26.71,508,58400,0.206588,1,1,162243,161735,508
8363261,24.3862,22.942,510,58400,0.217318,1,1,162267,161757,510
8366181,23.2772,28.5884,503,58400,0.227464,1,1,162290,161787,503
8369101,23.0554,22.5177,505,58400,0.277493,1,1,162313,161808,505
8372021,19.0111,23.7035,499,58400,0.319499,1,1,162331,161832,499
8374941,25.4022,23.1407,503,58400,0.4239,0.85,1,162358,161855,503
8377861,23.4804,33.4281,490,58400,0.58878,0.8,1,162381,161891,490
8380781,22.2961,26.6856,487,58400,0.669756,0.79,1,162403,161916,487
8383701,22.0592,26.1371,483,58400,0.781951,0.75,2,162425,161942,483
8386621,22.0118,24.4274,481,58400,0.86839,0.71,2,162447,161966,481
8541381,510,569,459,46720,0.39,0.33,1,164057,163598,459
8570581,174.8,204.2,437,46720,0.406,0.11,1,164148,163711,437
8621681,216.56,231.24,426,46720,0.6972,0.09,1,164375,163949,426
8624601,54.512,51.048,434,48180,0.83544,0.17,2,164389,163955,434
8627521,29.3024,27.8096,435,49640,0.831088,0.25,2,164412,163977,435
8630441,17.0605,15.1619,437,51100,0.878218,0.29,2,164426,163989,437
8633361,13.0121,15.0324,434,52560,0.903644,0.23,2,164438,164004,434
8636281,9.00242,10.2065,433,52560,0.908729,0.25,2,164446,164013,433
8639201,25.8005,3.6413,461,52560,0.941746,0.39,2,164476,164015,461
8820241,27,34,500,46720,0.51,1,1,166061,165561,500
8823161,59,47.6,516,46720,0.398,0.93,1,166128,165612,516
8826081,37.4,37.52,513,48180,0.3756,1,1,166160,165647,513
8829001,27.48,45.104,491,48180,0.33912,1,1,166185,165694,491
8831921,78.296,40.2208,543,48180,0.251824,1,1,166276,165733,543
8834841,39.6592,70.4442,495,48180,0.282365,1,1,166306,165811,495
8837761,31.9318,44.4888,487,48180,0.288473,0.86,1,166336,165849,487
8840681,23.1864,30.4978,481,48180,0.345695,0.86,1,166357,165876,481
8843601,33.4373,22.0996,497,49640,0.253139,0.72,1,166393,165896,497
8846521,26.6875,47.6199,468,49640,0.314628,0.69,1,166418,165950,468
8849441,22.1375,30.324,463,49640,0.230926,0.57,1,166439,165976,463
8852361,13.2275,23.6648,452,49640,0.358185,0.59,1,166450,165998,452
8855281,9.8455,13.533,450,49640,0.335637,0.53,1,166459,166009,450
8858201,5.1691,6.70659,449,49640,0.331127,0.55,1,166463,166014,449
8861121,13.8338,2.14132,464,49640,0.346225,0.53,1,166479,166015,464
8864041,4.36676,15.6283,447,49640,0.349245,0.51,1,166481,166034,447
8866961,20.8734,24.7257,445,49640,0.397849,0.37,1,166506,166061,445
8869881,53.7747,58.5451,440,49640,0.31157,0.37,1,166568,166128,440
8872801,35.5549,11.709,471,49640,0.278314,0.37,1,166599,166128,471
8875721,27.911,27.9418,465,49640,0.207663,0.33,1,166625,166160,465
8878641,75.1822,25.5884,527,49640,0.161533,0.23,1,166712,166185,527
8881561,39.0364,77.9177,466,51100,0.216307,0.29,1,166742,166276,466
8884481,31.8073,39.5835,466,51100,0.195261,0.29,1,166772,166306,466
8887401,23.1615,31.9167,457,51100,0.191052,0.36,1,166793,166336,457
8890321,6.23229,23.1833,438,51100,0.19021,0.23,1,166795,166357,438
8893241,27.6465,33.4367,435,51100,0.206042,0.33,1,166828,166393,435
8896161,24.7293,26.6873,434,51100,0.209208,0.21,1,166852,166418,434
8899081,26.5459,22.1375,440,51100,0.257842,0.39,1,166879,166439,440
8902001,11.7092,13.2275,437,51100,0.235568,0.33,1,166887,166450,437
8904921,11.1418,9.8455,439,51100,0.247114,0.33,1,166898,166459,439
8907841,5.42837,5.1691,439,51100,0.249423,0.35,1,166902,166463,439
8910761,10.6857,13.8338,435,52560,0.265885,0.35,1,166914,166479,435
8913681,3.73713,4.36676,435,52560,0.269177,0.41,1,166916,166481,435
8916601,21.5474,20.8734,436,52560,0.269835,0.29,1,166942,166506,436
8919521,53.9095,53.7747,436,52560,0.333967,0.27,1,167004,166568,436
8922441,31.5819,35.5549,431,52560,0.314793,0.19,1,167030,166599,431
8925361,27.1164,27.911,431,52560,0.326959,0.15,1,167056,166625,431
8928281,74.2233,75.1822,430,52560,0.361392,0.15,1,167142,166712,430
8931201,38.8447,15.0364,460,52560,0.416278,0.23,1,167172,166712,460
8934121,30.1689,27.0073,458,52560,0.459256,0.19,1,167200,166742,458
8937041,25.2338,29.4015,452,52560,0.483851,0.19,1,167224,166772,452
8939961,6.64676,22.6803,433,52560,0.48877,0.19,1,167226,166793,433
8942881,26.1294,6.13606,462,52560,0.489754,0.21,1,167257,166795,462
8945801,26.0259,27.6272,455,52560,0.505951,0.21,1,167283,166828,455
8948721,27.6052,24.7254,459,52560,0.54119,0.27,1,167311,166852,459
8951641,11.921,26.5451,440,52560,0.564238,0.23,1,167319,166879,440
8954561,10.3842,11.709,442,52560,0.584848,0.25,1,167329,166887,442
8957481,5.27684,11.1418,435,52560,0.58897,0.25,1,167333,166898,435
8960401,2.65537,5.42836,433,52560,0.589794,0.27,1,167335,166902,433
8963321,10.1311,10.6857,433,52560,0.621959,0.27,1,167347,166914,433
8966241,3.62621,3.73713,433,52560,0.596392,0.27,1,167349,166916,433
8969161,22.3252,21.5474,434,52560,0.623278,0.35,1,167376,166942,434
8972081,56.465,53.9095,437,52560,0.676656,0.31,1,167441,167004,437
8975001,32.093,31.5819,437,52560,0.751331,0.33,2,167467,167030,437
8977921,28.0186,27.1164,438,52560,0.750266,0.37,2,167494,167056,438
8980841,75.2037,74.2233,439,52560,0.814053,0.43,2,167581,167142,439
8983761,43.8407,38.8447,445,52560,0.874811,0.47,2,167617,167172,445
8986681,31.9681,30.1689,446,52560,0.886962,0.49,2,167646,167200,446
8989601,26.3936,25.2338,447,52560,0.889392,0.49,2,167671,167224,447
8992521,6.87873,6.64676,447,52560,0.889879,0.49,2,167673,167226,447
9182321,73,38,525,39420,0.75,1,2,169447,168922,525
9185241,72.2,97.2,485,40880,0.79,0.94,2,169519,169034,485
9188161,44.84,51.44,483,42340,0.838,0.93,2,169557,169074,483
9293281,24,27,495,52560,0.87,1,2,170634,170139,495
9296201,24,40.6,475,52560,0.806,1,2,170658,170183,475
9299121,44.8,27.32,501,52560,0.8172,1,2,170708,170207,501
9302041,27.36,23.064,502,52560,0.80344,1,2,170731,170229,502
9304961,21.472,4.6128,522,52560,0.824688,1,2,170751,170229,522
9307881,13.8944,11.3226,521,52560,0.828938,1,2,170763,170242,521
9310801,21.9789,17.4645,526,52560,0.773788,1,2,170787,170261,526
9313721,10.7958,11.4929,524,52560,0.818757,1,2,170795,170271,524
9439281,27,29,494,52560,0.77,1,2,171993,171499,494
9442201,24.6,31.4,486,52560,0.69,1,1,172017,171531,486
9445121,33.72,27.08,496,52560,0.53,1,1,172053,171557,496
9448041,28.344,25.416,498,52560,0.434,1,1,172080,171582,498
9450961,27.2688,26.6832,498,52560,0.2868,1,1,172107,171609,498
9453881,23.8538,24.5366,497,52560,0.20936,1,1,172130,171633,497
9456801,23.1708,22.5073,498,52560,0.097872,1,1,172153,171655,498
9459721,23.8342,20.5015,502,52560,0.0275744,1,1,172177,171675,502
9462641,27.1668,23.3003,506,52560,0.0295149,1,1,172205,171699,506
9465561,25.4334,23.8601,507,52560,0.013903,1,1,172230,171723,507
9468481,21.8867,23.972,504,52560,0.0427806,1,1,172251,171747,504
9471401,21.1773,23.1944,502,52560,0.0325561,1,1,172272,171770,502
9474321,29.8355,42.2389,487,52560,0.0625112,1,1,172304,171817,487
9477241,25.1671,32.4478,481,52560,0.0845022,1,1,172328,171847,481
9480161,19.4334,27.2896,473,52560,0.0409005,0.99,1,172346,171873,473
9483081,19.0867,23.8579,469,52560,0.0481801,0.86,1,172365,171896,469
9486001,31.8173,38.3716,462,52560,0.081636,0.83,1,172400,171938,462
9488921,26.3635,30.0743,459,52560,0.136327,0.77,1,172425,171966,459
9491841,25.2727,27.6149,457,52560,0.211265,0.67,1,172450,171993,457
9494761,18.6545,24.723,450,52560,0.258253,0.49,1,172467,172017,450
9497681,26.9309,33.7446,443,52560,0.267651,0.41,1,172496,172053,443
9500601,24.5862,28.3489,440,52560,0.30153,0.25,1,172520,172080,440
9503521,20.1172,27.2698,432,52560,0.324306,0.19,1,172539,172107,432
9506441,18.4234,23.854,427,52560,0.392861,0.07,1,172557,172130,427
9509361,18.0847,23.1708,422,52560,0.374572,0.01,1,172575,172153,422
9512281,22.8169,23.8342,422,52560,0.434914,0.03,1,172599,172177,422
9515201,26.9634,27.1668,422,52560,0.446983,0.01,1,172627,172205,422
9518121,25.3927,25.4334,422,52560,0.409397,0.05,1,172652,172230,422
9521041,21.8785,21.8867,422,52560,0.417879,0.03,1,172673,172251,422
9523961,23.5757,21.1773,425,52560,0.475576,0.07,1,172697,172272,425
9526881,29.5151,29.8355,424,52560,0.503115,0.09,1,172728,172304,424
9529801,24.303,25.1671,423,52560,0.524623,0.03,1,172751,172328,423
9532721,18.4606,19.4334,422,52560,0.544925,0.05,1,172768,172346,422
9535641,21.2921,19.0867,425,52560,0.484985,0.09,1,172790,172365,425
9538561,30.6584,31.8173,423,52560,0.536997,0.15,1,172823,172400,423
9541481,29.3317,26.3635,427,52560,0.723399,0.23,1,172852,172425,427
9544401,29.8663,25.2727,432,52560,0.76068,0.27,2,172882,172450,432
9547321,21.1733,18.6545,434,52560,0.784136,0.27,2,172901,172467,434
9550241,29.0347,26.9309,436,52560,0.788827,0.31,2,172932,172496,436
9553161,28.2069,24.5862,440,52560,0.821765,0.33,2,172960,172520,440
9556081,21.6414,20.1172,441,52560,0.780353,0.41,2,172980,172539,441
9559001,18.7283,18.4234,441,52560,0.804071,0.37,2,172998,172557,441
9561921,18.9457,18.0847,442,52560,0.808814,0.45,2,173017,172575,442
9564841,22.1891,22.8169,441,52560,0.745763,0.45,1,173040,172599,441
9567761,29.2378,26.9634,444,52560,0.797153,0.4,2,173071,172627,444
9570681,25.8476,25.3927,444,52560,0.791431,0.42,2,173096,172652,444
9573601,21.1695,21.8785,443,52560,0.822286,0.49,2,173116,172673,443
9576521,26.6339,23.5757,447,52560,0.732457,0.51,1,173144,172697,447
9579441,30.1268,29.5151,447,52560,0.746491,0.53,1,173175,172728,447
9582361,25.2254,24.303,448,52560,0.749298,0.55,1,173199,172751,448
9585281,17.0451,18.4606,446,52560,0.79786,0.47,2,173214,172768,446
9588201,19.409,21.2921,444,52560,0.823572,0.55,2,173234,172790,444
9591121,35.0818,30.6584,450,52560,0.860714,0.77,2,173273,172823,450
9594041,35.8164,29.3317,457,52560,0.900143,0.77,2,173309,172852,457
9754641,21,20,508,64240,0.79,1,2,174687,174179,508
9757561,24.2,36.8,492,64240,0.774,1,2,174712,174220,492
9760481,25.64,34.56,484,64240,0.6428,1,1,174738,174254,484
9763401,24.328,6.912,508,64240,0.58456,1,1,174762,174254,508
9766321,25.6656,32.5824,495,64240,0.524912,1,1,174788,174293,495
9769241,23.5331,22.5165,498,64240,0.464982,1,1,174811,174313,498
9772161,28.7066,24.5033,503,64240,0.340996,1,1,174841,174338,503
9775081,36.1413,32.9007,506,64240,0.220199,1,1,174879,174373,506
9778001,20.0283,28.1801,495,65700,0.18004,1,1,174895,174400,495
9780921,23.2057,25.636,494,65700,0.092008,1,1,174919,174425,494
9783841,21.4411,21.9272,494,65700,0.0904016,1,1,174940,174446,494
9786761,17.0882,17.9854,493,67160,0.0740803,1,1,174956,174463,493
9789681,20.2176,24.3971,488,67160,0.0228161,1,1,174977,174489,488
9792601,25.6435,24.0794,491,67160,0.0925632,1,1,175004,174513,491
9795521,21.9287,24.0159,488,67160,0.0745126,1,1,175025,174537,488
9798441,21.1857,4.80318,509,67160,0.0709025,1,1,175046,174537,509
9801361,13.0371,19.3606,497,67160,0.150181,1,1,175057,174560,497
9804281,16.2074,20.6721,493,67160,0.118036,0.88,1,175074,174581,493
9807201,16.0415,21.7344,487,67160,0.111607,0.85,1,175090,174603,487
9810121,17.6083,21.9469,483,67160,0.126321,0.87,1,175108,174625,483
9813041,5.12166,21.1894,464,67160,0.129264,0.83,1,175110,174646,464
9815961,14.6243,20.2379,461,67160,0.177853,0.79,1,175127,174666,461
9818881,17.3249,20.8476,458,68620,0.267571,0.77,1,175145,174687,458
9821801,20.265,24.1695,454,68620,0.301514,0.61,1,175166,174712,454
9824721,22.453,25.6339,451,68620,0.372303,0.57,1,175189,174738,451
9827641,18.8906,24.3268,445,68620,0.338461,0.51,1,175207,174762,445
9830561,24.5781,25.6654,445,70080,0.507692,0.45,1,175233,174788,445
9833481,20.1156,23.5331,441,70080,0.669538,0.31,1,175252,174811,441
9836401,24.0231,28.7066,436,70080,0.701908,0.19,1,175277,174841,436
9839321,31.2046,36.1413,431,70080,0.692382,0.19,1,175310,174879,431
9842241,14.2409,7.22826,441,70080,0.770476,0.17,2,175320,174879,441
9845161,21.2482,14.2457,448,70080,0.738095,0.07,1,175343,174895,448
9848081,18.6496,22.0491,442,71540,0.779619,0.09,2,175361,174919,442
9851001,5.32993,21.2098,423,71540,0.787924,0.07,2,175363,174940,423
9853921,14.666,17.042,424,71540,0.821585,0.01,2,175380,174956,424
9856841,18.9332,20.2084,423,71540,0.732317,0.11,1,175400,174977,423
9859761,28.5866,25.6417,427,71540,0.730463,0.07,1,175431,175004,427
9862681,20.9173,21.9283,425,73000,0.778093,0.07,2,175450,175025,425
9865601,24.1835,21.1857,429,73000,0.787619,0.17,2,175475,175046,429
9868521,12.8367,13.0371,428,73000,0.789524,0.11,2,175485,175057,428
9871441,16.1673,16.2074,428,73000,0.805905,0.11,2,175502,175074,428
9874361,16.8335,16.0415,429,73000,0.793181,0.13,2,175519,175090,429
9877281,21.7667,17.6083,434,73000,0.838636,0.13,2,175542,175108,434
9880201,5.95334,5.12166,434,74460,0.847727,0.19,2,175544,175110,434
9883121,16.3907,14.6243,436,74460,0.881545,0.19,2,175563,175127,436
9886041,14.4781,2.92487,450,74460,0.856309,0.29,2,175577,175127,450
9888961,26.0956,14.985,461,74460,0.899262,0.31,2,175606,175145,461
9891881,22.8191,19.797,462,75920,0.923852,0.39,2,175628,175166,462
9894801,20.5638,22.3594,459,75920,0.92877,0.33,2,175648,175189,459
10174581,23,23,487,17520,0.91,1,2,179991,179504,487
10177501,6.2,4.6,489,20440,0.942,0.89,2,179993,179504,489
10324961,408,430,448,27740,0.95,0.58,2,182504,182056,448
10430081,149,34,618,29200,0.23,0.85,1,184183,183565,618
10433001,87.4,173.2,482,30660,0.31,0.85,1,184255,183773,482
10435921,46.28,70.64,473,30660,0.374,0.53,1,184291,183818,473
10438841,42.856,62.128,455,30660,0.3388,0.49,1,184333,183878,455
10441761,28.5712,32.4256,455,30660,0.37976,0.37,1,184358,183903,455
10444681,27.3142,29.6851,453,30660,0.339952,0.27,1,184385,183932,453
10447601,26.2628,30.737,448,30660,0.34799,0.27,1,184411,183963,448
10450521,22.0526,27.7474,442,30660,0.397598,0.21,1,184432,183990,442
10453441,32.4105,14.3495,466,30660,0.45552,0.25,1,184467,184001,466
10456361,8.0821,29.2699,435,30660,0.467104,0.23,1,184469,184034,435
10564401,35,26,479,32120,0.35,1,1,186210,185731,479
10567321,44.6,29.2,496,32120,0.238,1,1,186257,185761,496
10570241,33.72,22.64,506,32120,0.1836,1,1,186288,185782,506
10573161,29.944,34.928,497,32120,0.09272,1,1,186317,185820,497
10576081,27.5888,33.3856,491,32120,0.042544,0.98,1,186344,185853,491
10579001,35.1178,29.8771,499,32120,0.0485088,1,1,186381,185882,499
10581921,31.0236,37.1754,490,32120,0.0497018,1,1,186411,185921,490
10584841,23.8047,30.6351,483,32120,0.0179404,0.99,1,186433,185950,483
10587761,86.3609,97.327,471,32120,0.0595881,0.73,1,186535,186064,471
10590681,50.8722,64.2654,457,32120,0.115918,0.51,1,186577,186120,457
10593601,44.5744,56.8531,445,32120,0.175184,0.35,1,186620,186175,445
10596521,29.7149,39.3706,436,32120,0.235037,0.21,1,186646,186210,436
10599441,37.943,45.4741,429,32120,0.359007,0.17,1,186686,186257,429
10602361,30.7886,33.8948,427,32120,0.351801,0.07,1,186715,186288,427
10605281,25.3577,29.979,422,32120,0.46236,0.03,1,186739,186317,422
10608201,28.2715,27.5958,424,32120,0.420472,0.05,1,186768,186344,424
10611121,33.6543,35.1192,422,32120,0.364094,0.05,1,186803,186381,422
10614041,30.7309,31.0238,422,32120,0.336819,0.01,1,186833,186411,422
10616961,23.7462,23.8048,422,32120,0.315364,0.07,1,186855,186433,422
10619881,90.3492,86.361,427,32120,0.343073,0.13,1,186962,186535,427
10622801,53.2698,50.8722,429,32120,0.396615,0.19,1,187006,186577,429
10625721,51.454,44.5744,437,32120,0.455323,0.25,1,187057,186620,437
10628641,25.4908,29.7149,430,32120,0.483065,0.39,1,187076,186646,430
10631561,45.8982,37.943,441,32120,0.488613,0.35,1,187127,186686,441
10634481,33.9796,30.7886,443,33580,0.569723,0.49,1,187158,186715,443
10637401,23.5959,25.3577,440,33580,0.649945,0.41,1,187179,186739,440
10640321,27.1192,28.2715,439,33580,0.633989,0.35,1,187207,186768,439
10643241,35.0238,33.6543,441,33580,0.582798,0.33,1,187244,186803,441
10646161,32.6048,30.7309,443,33580,0.60456,0.31,1,187276,186833,443
10649081,21.721,23.7462,440,33580,0.592912,0.35,1,187295,186855,440
10652001,89.9442,90.3492,440,33580,0.718582,0.41,1,187402,186962,440
10654921,53.1888,53.2698,440,33580,0.807716,0.47,2,187446,187006,440
10657841,55.4378,51.454,445,35040,0.857543,0.49,2,187502,187057,445
10660761,27.0876,25.4908,446,35040,0.867509,0.49,2,187522,187076,446
10663681,46.2175,45.8982,446,35040,0.917502,0.49,2,187573,187127,446
10806761,34,111,498,51100,0.85,1,2,189314,188816,498
10809681,46,47.8,515,51100,0.802,1,2,189363,188848,515
10812601,26.8,31.16,510,52560,0.7444,1,1,189385,188875,510
10815521,24.56,23.832,512,52560,0.76488,1,2,189409,188897,512
10818441,29.712,32.7664,508,52560,0.768976,1,2,189440,188932,508
10821361,23.5424,25.7533,506,54020,0.801795,1,2,189462,188956,506
10824281,18.3085,29.1507,493,54020,0.856359,1,2,189479,188986,493
11071661,2,0,452,8760,0.23,0.27,1,193458,193006,452
11157801,317,314,428,23360,0.07,0.23,1,195723,195295,428
11160721,91.4,83.6,437,24820,0.038,0.17,1,195758,195321,437
11163641,50.28,44.72,442,26280,0.0476,0.03,1,195798,195356,442
11166561,35.656,48.944,424,27740,0.14552,0.07,1,195830,195406,424
11169481,30.3312,20.1888,440,27740,0.181104,0.03,1,195859,195419,440
11172401,23.6662,29.6378,430,29200,0.284221,0.05,1,195881,195451,430
11175321,23.9332,17.9276,439,29200,0.256844,0.03,1,195905,195466,439
11178241,33.5867,31.5855,440,29200,0.219369,0.03,1,195941,195501,440
11181161,169.917,167.117,443,29200,0.0998738,0.07,1,196145,195702,443
11184081,61.1835,50.2234,456,29200,0.139975,0.03,1,196179,195723,456
11187001,13.8367,38.0447,423,30660,0.115995,0.05,1,196181,195758,423
11189921,36.3673,39.6089,425,30660,0.047199,0.05,1,196223,195798,425
11192841,34.4735,7.92179,459,30660,0.0494398,0.17,1,196257,195798,459
11195761,31.6947,27.1844,458,30660,0.081888,0.19,1,196288,195830,458
11198681,7.93894,28.6369,431,30660,0.120378,0.31,1,196290,195859,431
11201601,22.3878,23.3274,435,32120,0.112076,0.25,1,196316,195881,435
11204521,22.8776,23.8655,434,32120,0.142415,0.21,1,196339,195905,434
11207441,30.9755,33.5731,431,32120,0.132483,0.07,1,196372,195941,431
11210361,166.195,169.915,427,32120,0.0344966,0.15,1,196572,196145,427
11213281,59.639,61.1829,426,32120,0.0308993,0.15,1,196605,196179,426
11216201,13.5278,12.2366,428,32120,0.0301799,0.11,1,196607,196179,428
11219121,32.3056,4.04732,463,32120,0.030036,0.03,1,196644,196181,463
11222041,36.0611,34.4095,458,33580,0.0780072,0.05,1,196681,196223,458
11224961,32.8122,34.0819,456,33580,0.0556014,0.09,1,196713,196257,456
11227881,8.16244,31.6164,427,33580,0.0511203,0.13,1,196715,196288,427
11230801,3.23249,7.92328,427,33580,0.0502241,0.11,1,196717,196290,427
11233721,19.8465,22.3847,425,33580,0.0660448,0.15,1,196741,196316,425
11236641,23.9693,22.8769,427,33580,0.149209,0.13,1,196766,196339,427
11239561,32.7939,30.9754,429,33580,0.149842,0.01,1,196801,196372,429
11242481,161.759,166.195,423,33580,0.213968,0.03,1,196995,196572,423
11245401,57.9518,59.639,422,33580,0.322794,0.03,1,197027,196605,422
11248321,13.1903,13.5278,422,33580,0.344559,0.03,1,197029,196607,422
11251241,33.0381,32.3056,423,35040,0.332912,0.03,1,197067,196644,423
11254161,36.2076,6.46111,460,35040,0.330582,0.09,1,197104,196644,460
11257081,32.8415,30.8922,455,35040,0.394116,0.05,1,197136,196681,455
11260001,8.1683,31.7784,425,35040,0.406823,0.05,1,197138,196713,425
11262921,3.23366,7.95569,425,35040,0.409365,0.05,1,197140,196715,425
11265841,20.6467,3.19114,448,35040,0.409873,0.07,1,197165,196717,448
11268761,26.5293,19.8382,452,35040,0.441975,0.17,1,197193,196741,452
11271681,32.5059,23.9676,461,35040,0.448395,0.15,1,197227,196766,461
11273141,167.301,32.7935,627,35040,0.737679,0.23,1,197428,196801,627
11276061,35.0602,161.759,435,35040,0.827536,0.35,2,197430,196995,435
11278981,34.212,57.9517,437,35040,0.861507,0.35,2,197464,197027,437
11281901,8.44241,13.1903,437,35040,0.900301,0.35,2,197466,197029,437
11284821,32.8885,2.63807,476,35040,0.87606,0.33,2,197505,197029,476
11287741,36.1777,30.9276,475,35040,0.887212,0.33,2,197542,197067,475
11435201,94,14,567,32120,0.95,1,2,199850,199283,567
11549081,57,25,495,35040,0.63,1,1,201425,200930,495
11552001,37.8,36.2,489,35040,0.534,1,1,201458,200969,489
11554921,31.56,44.04,473,35040,0.4348,1,1,201488,201015,473
11557841,52.712,35.208,498,35040,0.36696,1,1,201546,201048,498
11560761,31.3424,27.0416,499,35040,0.369392,1,1,201572,201073,499
11563681,29.4685,23.8083,505,35040,0.305878,1,1,201601,201096,505
11566601,49.8937,57.5617,494,35040,0.181176,1,1,201656,201162,494
11569521,39.5787,41.1123,494,35040,0.252235,1,1,201693,201199,494
11572441,48.7157,61.8225,478,35040,0.330447,0.98,1,201744,201266,478
11575361,35.3431,39.5645,476,35040,0.490089,0.95,1,201776,201300,476
11578281,35.8686,41.5129,470,35040,0.538018,0.85,1,201812,201342,470
11581201,22.3737,29.1026,463,35040,0.515604,0.63,1,201831,201368,463
11584121,38.8747,51.4205,449,35040,0.591121,0.51,1,201874,201425,449
11587041,30.9749,36.6841,445,35040,0.582224,0.41,1,201903,201458,445
11589961,26.195,31.3368,440,35040,0.564445,0.35,1,201928,201488,440
11592881,53.239,52.6674,442,35040,0.520889,0.37,1,201988,201546,442
11595801,29.0478,31.3335,439,35040,0.544178,0.29,1,202011,201572,439
11598721,26.6096,29.4667,436,35040,0.596836,0.15,1,202037,201601,436
11601641,42.9219,49.8933,428,35040,0.607367,0.27,1,202084,201656,428
11604561,43.7844,39.5787,435,35040,0.625473,0.35,1,202128,201693,435
11607481,55.1569,48.7157,442,35040,0.853095,0.53,2,202186,201744,442
11619161,47,43,454,35040,0.85,0.58,2,202328,201874,454
11622081,29.4,31.8,450,35040,0.898,0.56,2,202353,201903,450
11625001,25.88,26.36,450,35040,0.8756,0.51,2,202378,201928,450
11627921,51.576,53.272,448,35040,0.85512,0.55,2,202436,201988,448
11630841,31.1152,29.0544,451,35040,0.755024,0.61,2,202462,202011,451
11633761,28.623,26.6109,453,35040,0.815005,0.61,2,202490,202037,453
11636681,41.7246,42.9222,451,35040,0.843001,0.63,2,202535,202084,451
11730121,26,26,498,40880,0.69,1,1,203798,203300,498
11733041,29.2,22.8,506,40880,0.61,1,1,203828,203322,506
11735961,26.64,47.76,478,40880,0.546,1,1,203854,203376,478
11738881,40.528,31.152,495,40880,0.3892,1,1,203898,203403,495
11741801,33.7056,30.2304,497,42340,0.30984,1,1,203930,203433,497
11744721,33.1411,34.8461,494,42340,0.293968,1,1,203963,203469,494
11747641,43.4282,49.3692,487,42340,0.226794,1,1,204009,203522,487
11750561,54.2856,57.8738,484,42340,0.165359,1,1,204066,203582,484
11753481,51.6571,11.5748,535,43800,0.217072,1,1,204117,203582,535
11756401,29.5314,48.715,501,43800,0.179414,0.97,1,204141,203640,501
11759321,29.1063,31.343,503,43800,0.139883,1,1,204170,203667,503
11762241,34.6213,32.6686,506,45260,0.0839766,0.88,1,204206,203700,506
11765161,8.52425,39.3337,467,45260,0.0727953,0.83,1,204208,203741,467
11768081,20.1048,32.6667,459,45260,0.0705591,0.69,1,204231,203772,459
11771001,22.421,27.3333,456,45260,0.0701118,0.59,1,204254,203798,456
11773921,25.2842,29.4667,452,45260,0.0220224,0.53,1,204280,203828,452
11776841,21.8568,26.6933,447,45260,0.0444045,0.35,1,204301,203854,447
11779761,33.9714,40.5387,440,46720,0.0328809,0.35,1,204338,203898,440
11782681,29.9943,8.10773,469,46720,0.0305762,0.29,1,204367,203898,469
11785601,30.7989,27.2215,468,46720,0.158115,0.29,1,204398,203930,468
11788521,38.1598,31.8443,475,48180,0.263623,0.21,1,204438,203963,475
11791441,50.832,43.1689,483,48180,0.348725,0.15,1,204492,204009,483
11794361,11.7664,54.2338,428,48180,0.365745,0.23,1,204494,204066,428
11797281,46.3533,51.6468,432,48180,0.481149,0.17,1,204549,204117,432
11800201,27.6707,29.5294,431,48180,0.56823,0.13,1,204572,204141,431
11803121,25.5341,29.1059,427,48180,0.569646,0.13,1,204597,204170,427
11806041,31.5068,5.82117,460,49640,0.617929,0.07,1,204630,204170,460
11808961,7.90136,29.9642,426,49640,0.643586,0.07,1,204632,204206,426
11811881,19.1803,7.59285,446,49640,0.632717,0.07,1,204654,204208,446
11814801,21.4361,19.9186,445,49640,0.566543,0.07,1,204676,204231,445
11817721,24.2872,22.3837,447,49640,0.505309,0.01,1,204701,204254,447
11820641,21.6574,25.2767,442,49640,0.493062,0.05,1,204722,204280,442
11823561,5.93149,21.8553,423,49640,0.490612,0.03,1,204724,204301,423
11826481,29.9863,33.9711,422,49640,0.458122,0.03,1,204760,204338,422
11829401,30.7973,29.9942,424,51100,0.515625,0.19,1,204791,204367,424
11832321,34.9595,30.7988,429,51100,0.511125,0.19,1,204827,204398,429
11835241,43.7919,6.15977,475,51100,0.590225,0.29,1,204873,204398,475
11838161,52.7584,33.232,490,51100,0.542045,0.37,1,204928,204438,490
11841081,12.1517,49.8464,438,52560,0.532409,0.37,1,204930,204492,438
11844001,53.6303,11.5693,500,52560,0.722482,0.51,1,204994,204494,500
11846921,30.7261,46.3139,470,52560,0.760496,0.59,2,205019,204549,470
11849841,25.3452,27.6628,471,52560,0.800099,0.57,2,205043,204572,471
11852761,6.66904,25.5326,448,54020,0.80802,0.63,2,205045,204597,448
11855681,32.5338,31.5065,454,54020,0.921604,0.65,2,205084,204630,454
11858601,8.10676,7.9013,454,54020,0.912321,0.63,2,205086,204632,454
11861521,14.4214,19.1803,448,54020,0.926464,0.55,2,205102,204654,448
11864441,21.2843,21.4361,449,54020,0.929293,0.49,2,205125,204676,449
12000221,64,69,469,51100,0.17,1,1,206743,206274,469
12006061,68.8,64.2,476,51100,0.298,1,1,206813,206337,476
12011901,39.36,45.64,467,51100,0.3396,0.74,1,206845,206378,467
12017741,48.672,48.328,469,51100,0.44392,0.74,1,206896,206427,469
12025041,21.7344,26.4656,463,51100,0.496784,0.63,1,206911,206448,463
12030881,33.9469,43.6931,452,51100,0.603357,0.47,1,206948,206496,452
12033801,30.7894,43.1386,439,51100,0.704671,0.39,1,206978,206539,439
12039641,16.5579,19.8277,438,51100,0.740934,0.33,1,206991,206553,438
12045481,31.3116,37.5655,431,51100,0.796187,0.23,2,207026,206595,431
12084901,46.2623,50.7131,427,51100,0.855237,0.19,2,207076,206649,427
12087821,34.8525,23.7426,442,52560,0.915047,0.21,2,207108,206666,442
12191481,58,45,483,42340,0.11,1,1,208579,208096,483
12194401,22,21,481,43800,0.142,1,1,208592,208111,481
12198781,22,28.2,473,43800,0.1324,1,1,208614,208141,473
12204621,13.2,16.04,471,43800,0.06648,0.86,1,208625,208154,471
12207541,36.24,40.008,467,43800,0.037296,0.85,1,208667,208200,467
12210461,28.048,34.4016,460,43800,0.0314592,0.73,1,208693,208233,460
12211921,27.2096,33.2803,454,43800,0.0462918,0.73,1,208720,208266,454
12230901,19.8419,18.6561,457,43800,0.0972584,0.17,1,208738,208281,457
12238201,109.568,131.731,429,42340,0.0274517,0.13,1,208870,208441,429
12242581,99.5137,106.346,426,43800,0.18949,0.09,1,208967,208541,426
12286381,181.503,184.469,424,43800,0.509898,0.07,1,209169,208745,424
12289301,57.9005,49.6938,435,45260,0.66998,0.09,1,209196,208761,435
12292221,31.5801,29.1388,436,46720,0.685996,0.11,1,209221,208785,436
12295141,28.716,29.0278,435,48180,0.721199,0.05,1,209249,208814,435
12298061,28.9432,29.0056,435,48180,0.79224,0.01,2,209278,208843,435
12300981,16.9886,27.4011,422,48180,0.726448,0.03,1,209292,208870,422
12303901,28.9977,14.2802,443,48180,0.68129,0.11,1,209324,208881,443
12306821,32.9995,26.056,448,48180,0.720258,0.13,1,209358,208910,448
12309741,8.19991,21.2112,430,48180,0.744052,0.13,1,209360,208930,430
12312661,15.24,5.84224,445,48180,0.78081,0.23,2,209377,208932,445
12315581,59.048,29.1684,480,48180,0.868162,0.31,2,209447,208967,480
12318501,22.2096,37.8337,453,49640,0.917632,0.43,2,209460,209007,453
12321421,30.0419,31.5667,455,49640,0.911527,0.53,2,209492,209037,455
12528741,353,391,439,36500,0.59,0.35,1,211651,211212,439
12531661,85,89.4,443,37960,0.622,0.45,1,211669,211226,443
12534581,47.4,26.68,470,39420,0.6284,0.41,1,211707,211237,470
12537501,38.28,46.136,455,40880,0.62968,0.49,1,211743,211288,455
12540421,30.056,27.6272,460,42340,0.565936,0.61,1,211771,211311,460
12543341,46.0112,33.5254,475,43800,0.521187,0.63,1,211821,211346,475
12546261,28.4022,29.9051,470,43800,0.544237,0.63,1,211845,211375,470
12549181,30.4804,24.381,478,43800,0.532847,0.51,1,211876,211398,478
12552101,78.8961,41.6762,523,45260,0.530569,0.57,1,211967,211444,523
12555021,39.7792,77.9352,466,45260,0.578114,0.51,1,211997,211531,466
12557941,27.9558,40.387,460,45260,0.603623,0.57,1,212022,211562,460
12560861,31.1912,29.6774,465,45260,0.608725,0.58,1,212054,211589,465
12563781,32.6382,33.9355,463,45260,0.609745,0.59,1,212087,211624,463
12566701,18.5276,28.3871,451,46720,0.641949,0.63,1,212102,211651,451
12569621,18.9055,20.0774,452,46720,0.63239,0.63,1,212121,211669,452
12572541,34.1811,4.01548,490,46720,0.694478,0.63,1,212159,211669,490
12575461,8.43622,31.2031,454,46720,0.706896,0.63,1,212161,211707,454
12578381,28.0872,35.0406,451,46720,0.773379,0.63,2,212194,211743,451
12581301,26.4174,7.00812,477,46720,0.754676,0.55,2,212220,211743,477
12584221,6.88349,23.8016,451,46720,0.750935,0.51,2,212222,211771,451
12587141,40.5767,44.7603,450,46720,0.798187,0.55,2,212271,211821,450
12590061,23.3153,28.1521,445,48180,0.839637,0.53,2,212290,211845,445
12592981,29.4631,30.4304,445,48180,0.879928,0.53,2,212321,211876,445
12595901,81.0926,6.08608,539,48180,0.951985,0.53,2,212415,211876,539
12879141,34,34,500,49640,0.45,1,1,215427,214927,500
12882061,31.6,33.2,498,49640,0.37,1,1,215458,214960,498
12884981,30.32,27.44,502,49640,0.226,1,1,215488,214986,502
12887901,25.264,29.488,496,49640,0.1652,1,1,215512,215016,496
12889361,27.4528,5.8976,524,49640,0.12104,1,1,215540,215016,524
12941921,374.291,449.18,425,33580,0.208208,0.09,1,216001,215576,425
12944841,117.258,122.636,437,35040,0.465642,0.17,1,216054,215617,437
12947761,45.8516,44.5272,440,36500,0.581128,0.05,1,216082,215642,440
12950681,49.9703,46.5054,444,37960,0.588226,0.13,1,216133,215689,444
12953601,45.9941,34.9011,457,37960,0.637645,0,1,216178,215721,457
12956521,33.1988,34.1802,453,37960,0.663529,0.01,1,216208,215755,453
12959441,48.2398,50.036,451,37960,0.780706,0.03,2,216260,215809,451
12962361,57.648,32.4072,483,37960,0.868141,0.07,2,216320,215837,483
12965281,32.3296,51.2814,453,37960,0.853628,0.09,2,216346,215893,453
12968201,20.8659,30.2563,446,37960,0.802726,0.17,2,216364,215918,446
12971121,28.1732,22.8513,455,39420,0.872545,0.21,2,216394,215939,455
12974041,20.8346,26.1703,447,39420,0.870509,0.23,2,216413,215966,447
13006161,19,18,463,39420,0.89,0.79,2,216827,216364,463
13009081,28.6,3.6,494,39420,0.858,0.89,2,216858,216364,494
13012001,25.72,24.72,489,40880,0.8516,0.87,2,216883,216394,489
13014921,23.544,20.144,493,40880,0.85032,0.96,2,216906,216413,493
13017841,55.9088,24.8288,531,40880,0.898064,0.93,2,216970,216439,531
13020761,30.3818,55.3658,492,40880,0.891613,0.93,2,216994,216502,492
13023681,7.67635,31.0732,469,40880,0.890323,0.93,2,216996,216527,469
13026601,48.7353,7.81463,526,40880,0.906065,1,2,217055,216529,526
13029521,51.3471,47.9629,520,40880,0.909213,1,2,217107,216587,520
13341961,56,16,476,32120,0.85,0.41,2,220930,220454,476
13447081,510,590,452,30660,0.25,0.15,1,222701,222249,452
13451461,172.4,212.4,422,30660,0.33,0.07,1,222789,222367,422
13486501,59.28,65.68,424,30660,0.314,0.01,1,222820,222396,424
13489421,84.656,45.136,475,32120,0.3588,0,1,222911,222436,475
13492341,48.9312,62.6272,448,33580,0.43176,0.03,1,222951,222503,448
13495261,36.9862,45.3254,441,35040,0.478352,0.11,1,222985,222544,441
13498181,41.7972,33.0651,454,36500,0.45567,0.11,1,223028,222574,454
13501101,25.1595,29.013,447,37960,0.499134,0.13,1,223049,222602,447
13504021,29.0319,21.8026,457,37960,0.459827,0.21,1,223079,222622,457
13506941,20.2064,25.9605,448,39420,0.499965,0.19,1,223097,222649,448
13509861,36.8413,34.7921,452,39420,0.475993,0.33,1,223138,222686,452
13512781,47.3683,43.7584,456,39420,0.631199,0.33,1,223188,222732,456
13515701,38.2737,48.7517,442,39420,0.66224,0.31,1,223224,222782,442
13518621,34.0547,40.1503,437,39420,0.684448,0.37,1,223257,222820,437
13521541,82.8109,80.8301,441,39420,0.70489,0.37,1,223352,222911,441
13524461,46.1622,16.166,478,39420,0.772978,0.45,2,223389,222911,478
13527381,10.8324,35.2332,440,39420,0.786596,0.49,2,223391,222951,440
13530301,31.7665,34.2466,443,39420,0.789319,0.49,2,223428,222985,443
13533221,41.5533,6.84933,487,39420,0.773864,0.45,2,223472,222985,487
13536141,9.91066,35.7699,446,40880,0.802773,0.51,2,223474,223028,446
13539061,17.1821,23.954,444,40880,0.856555,0.45,2,223493,223049,444
13541981,29.0364,28.7908,446,40880,0.867311,0.45,2,223525,223079,446
13544901,18.6073,5.75816,462,40880,0.869462,0.51,2,223541,223079,462
13547821,38.1215,15.5516,487,40880,0.885893,0.47,2,223584,223097,487
13550741,54.0243,35.9103,504,40880,0.905179,0.67,2,223642,223138,504
13831061,69,17,517,30660,0.85,0.73,2,227176,226659,517
13906981,67,42,532,35040,0.47,1,1,228344,227812,532
13909901,44.6,52.4,516,35040,0.39,1,1,228383,227867,516
13912821,37.72,40.88,514,35040,0.294,1,1,228419,227905,514
13915741,45.144,35.376,527,35040,0.2748,1,1,228466,227939,527
13918661,37.8288,35.0752,528,35040,0.20696,1,1,228502,227974,528
13921581,35.5658,35.015,528,35040,0.129392,1,1,228537,228009,528
13924501,24.7132,35.803,514,35040,0.0658784,1,1,228559,228045,514
13927421,53.7426,71.1606,495,35040,0.101176,1,1,228620,228125,495
13930341,33.9485,43.8321,487,35040,0.0602351,0.99,1,228649,228162,487
13933261,25.1897,39.9664,471,35040,0.036047,0.75,1,228672,228201,471
13936181,24.2379,39.1933,456,35040,0.0152094,0.69,1,228696,228240,456
13939101,32.8476,37.4387,454,35040,0.0430419,0.47,1,228731,228277,454
13942021,51.3695,61.0877,443,35040,0.128608,0.37,1,228787,228344,443
13944941,37.4739,43.4175,438,35040,0.161722,0.27,1,228821,228383,438
13947861,33.0948,37.4835,434,35040,0.168344,0.27,1,228853,228419,434
13950781,44.219,45.0967,434,35040,0.297669,0.19,1,228900,228466,434
13953701,32.8438,37.8193,428,35040,0.435534,0.11,1,228930,228502,428
13956621,33.7688,35.5639,427,35040,0.607107,0.05,1,228964,228537,427
13959541,21.1538,24.7128,423,35040,0.689421,0.11,1,228982,228559,423
13962461,54.6308,53.7426,425,35040,0.753884,0.05,2,229045,228620,425
13965381,32.5262,33.9485,423,35040,0.830777,0.03,2,229072,228649,423
13968301,26.5052,25.1897,425,35040,0.830155,0.01,2,229097,228672,425
13971221,22.901,24.2379,423,35040,0.814031,0.05,2,229119,228696,423
13974141,32.5802,32.8476,423,35040,0.826806,0.15,2,229154,228731,423
13977061,54.516,51.3695,427,35040,0.877361,0.17,2,229214,228787,427
13979981,42.9032,37.4739,433,35040,0.807472,0.17,2,229254,228821,433
13982901,34.1806,33.0948,433,35040,0.793494,0.33,2,229286,228853,433
13985821,51.6361,44.219,442,35040,0.822699,0.47,2,229342,228900,442
13988741,37.5272,32.8438,446,35040,0.84454,0.65,2,229376,228930,446
13991661,42.7054,33.7688,456,35040,0.816908,0.71,2,229420,228964,456
13994581,26.9411,21.1538,461,35040,0.875382,0.77,2,229443,228982,461
14343521,2,0,444,8760,0.61,0.65,1,235385,234941,444
14410681,32,14,447,18980,0.65,0.17,1,237407,236960,447
14413601,18.4,16.4,445,20440,0.81,0.19,2,237422,236977,445
14415061,182.88,30.48,635,21900,0.914,0.47,2,237646,237011,635
14473461,33,33,512,26280,0.85,1,2,238808,238296,512
14476381,36.2,33.8,515,26280,0.738,1,1,238845,238330,515
14479301,37.64,33.96,519,26280,0.6036,1,1,238883,238364,519
14482221,33.928,31.592,521,26280,0.48072,1,1,238916,238395,521
14485141,35.5856,31.1184,526,26280,0.360144,0.96,1,238952,238426,526
14488061,145.517,167.824,497,26280,0.128029,1,1,239125,238628,497
14490981,71.5034,90.3647,479,26280,0.0816058,0.83,1,239178,238699,479
14493901,39.1007,50.0729,470,26280,0.0883211,0.91,1,239209,238739,470
14496821,32.6201,38.8146,465,26280,0.121664,0.85,1,239240,238775,465
14499741,29.724,34.1629,461,26280,0.192333,0.71,1,239269,238808,461
14502661,30.7448,36.4326,455,26280,0.158467,0.57,1,239300,238845,455
14505581,31.749,37.6865,449,26280,0.247693,0.45,1,239332,238883,449
14508501,26.3498,33.9373,441,26280,0.249539,0.33,1,239357,238916,441
14511421,30.87,35.5875,437,26280,0.313908,0.07,1,239389,238952,437
14514341,134.174,145.518,424,26280,0.742782,0.07,1,239549,239125,424
14587341,36,34,511,26280,0.63,1,1,240789,240278,511
14590261,35.2,33.2,513,27740,0.566,1,1,240824,240311,513
14593181,127.04,157.84,474,27740,0.2012,1,1,240974,240500,474
14596101,95.008,85.168,494,27740,0.17624,1,1,241061,240567,494
14599021,37.4016,47.4336,479,27740,0.139248,1,1,241084,240605,479
14601941,36.2803,37.4867,480,27740,0.16385,0.96,1,241120,240640,480
14604861,30.4561,37.0973,472,29200,0.15277,0.83,1,241149,240677,472
14607781,30.0912,38.6195,463,29200,0.214554,0.77,1,241179,240716,463
14610701,31.6182,37.3239,458,29200,0.258911,0.63,1,241211,240753,458
14613621,31.1236,36.2648,453,29200,0.331782,0.63,1,241242,240789,453
14616541,27.0247,7.25296,479,29200,0.314356,0.55,1,241268,240789,479
14619461,112.605,29.4506,578,29200,0.598871,0.11,1,241402,240824,578
14622381,90.521,125.89,513,30660,0.767774,0.17,2,241487,240974,513
14625301,35.7042,94.778,448,30660,0.801555,0.13,2,241509,241061,448
14739181,55,47,476,26280,0.19,0.79,1,243213,242737,476
14742101,124.6,107.8,495,27740,0.366,0.47,1,243355,242860,495
14745021,49.72,76.76,457,29200,0.4972,0.29,1,243386,242929,457
14747941,34.744,44.952,451,30660,0.57144,0.25,1,243417,242966,451
14750861,23.7488,32.9904,442,32120,0.698288,0.27,1,243438,242996,442
14753781,34.3498,28.1981,452,32120,0.723658,0.27,1,243475,243023,452
14756701,32.47,34.4396,448,32120,0.744732,0.23,1,243507,243059,448
14759621,45.694,34.0879,463,33580,0.876946,0.13,2,243556,243093,463
15025341,16,13,449,24820,0.95,0.47,2,247791,247342,449
15120241,58,68,452,23360,0.01,0.07,1,249574,249122,452
15123161,91.6,103.2,440,24820,0.09,0.07,1,249674,249234,440
15126081,41.52,49.44,433,26280,0.122,0.09,1,249703,249270,433
15129001,29.104,36.288,426,26280,0.2404,0.09,1,249729,249303,426
15131921,21.0208,23.2576,425,26280,0.20008,0.12,1,249748,249323,425
15134841,93.8042,84.6515,437,26280,0.224016,0.05,1,249860,249423,437
15137761,83.5608,28.9303,503,26280,0.244803,0.07,1,249941,249438,503
15140681,18.3122,68.1861,427,26280,0.216961,0.01,1,249943,249516,427
15143601,50.0624,60.0372,427,27740,0.227392,0.01,1,250001,249574,427
15146521,94.0125,12.0074,532,27740,0.197478,0.11,1,250106,249574,532
15149441,20.4025,82.4015,434,27740,0.191496,0.13,1,250108,249674,434
15152361,26.4805,39.6803,433,27740,0.254299,0.27,1,250136,249703,433
15155281,26.0961,28.7361,433,27740,0.23486,0.19,1,250162,249729,433
15158201,16.4192,20.9472,428,27740,0.230972,0.23,1,250176,249748,428
15161121,95.2838,93.7894,431,27740,0.358194,0.25,1,250291,249860,431
15164041,83.0568,83.5579,430,27740,0.367639,0.21,1,250371,249941,430
15166961,18.2114,18.3116,430,27740,0.369528,0.21,1,250373,249943,430
15169881,51.6423,3.66232,490,29200,0.433906,0.23,1,250433,249943,490
15172801,95.9285,47.1325,539,29200,0.590781,0.19,1,250540,250001,539
15175721,20.7857,93.4265,436,29200,0.622156,0.19,1,250542,250106,436
15178641,24.9571,20.2853,460,29200,0.660431,0.27,1,250568,250108,460
15181561,25.7914,26.4571,458,29200,0.684086,0.23,1,250594,250136,458
15184481,17.1583,26.0914,447,29200,0.752817,0.23,2,250609,250162,447
15187401,99.4317,16.4183,553,29200,0.878563,0.39,2,250729,250176,553
15304201,79,82,504,29200,0.55,1,1,252666,252162,504
15307121,83.8,98,487,29200,0.502,1,1,252751,252264,487
15310041,56.76,50.8,498,29200,0.4444,1,1,252801,252303,498
15312961,28.952,39.76,483,29200,0.44888,1,1,252823,252340,483
15315881,33.7904,39.152,479,30660,0.433776,0.95,1,252858,252379,479
15318801,57.1581,66.2304,469,30660,0.590755,0.99,1,252921,252452,469
15321721,37.8316,40.4461,468,30660,0.670151,0.97,1,252954,252486,468
15324641,30.7663,31.2892,468,30660,0.73403,0.79,1,252983,252515,468
15327561,26.9533,34.2578,459,30660,0.874806,0.79,2,253009,252550,459
15330481,35.7907,36.4516,460,30660,0.854961,0.55,2,253047,252587,460
15400561,43,78,509,37960,0.47,1,1,254166,253657,509
15403481,42.2,42.8,517,37960,0.31,1,1,254208,253691,517
15406401,42.04,50.16,507,39420,0.102,1,1,254250,253743,507
15409321,38.808,39.632,508,39420,0.0284,1,1,254288,253780,508
15412241,36.5616,34.3264,511,40880,0.01368,1,1,254324,253813,511
15456041,389.712,461.265,421,27740,0.202736,0.03,1,254802,254381,421
15458961,141.142,136.253,445,29200,0.304547,0.13,1,254881,254436,445
15461881,53.8285,58.4506,438,30660,0.484909,0.01,1,254913,254475,438
15464801,79.5657,46.0901,481,32120,0.776982,0.07,2,254999,254518,481
15467721,46.3131,55.618,461,33580,0.867396,0.15,2,255037,254576,461
15555321,33,31,518,40880,0.67,1,1,256238,255720,518
15558241,43.4,35,528,40880,0.59,1,1,256284,255756,528
15561161,35.88,47,512,40880,0.446,1,1,256318,255806,512
15564081,34.376,28.6,522,40880,0.3372,1,1,256352,255830,522
15565541,30.8752,5.72,552,40880,0.23544,1,1,256382,255830,552
15609341,376.575,472.344,426,27740,0.391088,0.01,1,256845,256419,426
15612261,146.515,150.469,445,29200,0.422218,0.03,1,256934,256489,445
15615181,77.303,67.6938,458,30660,0.684444,0.13,1,256994,256536,458
15618101,64.2606,61.5388,459,32120,0.672889,0.05,1,257055,256596,459
15621021,44.0521,40.3077,463,33580,0.846578,0.17,2,257094,256631,463
15623941,61.6104,33.6615,497,35040,0.865316,0.07,2,257160,256663,497
15742201,40,34,536,40880,0.73,1,1,258726,258190,536
15786001,400,464.4,454,27740,0.746,0.57,1,259216,258762,454
15788921,115.2,116.88,468,29200,0.7812,0.41,2,259260,258792,468
15885281,36,38,501,39420,0.61,1,1,260673,260172,501
15888201,31.2,33.2,499,39420,0.594,1,1,260703,260204,499
15891121,17.44,6.64,513,39420,0.5748,1,1,260717,260204,513
15894041,32.288,22.128,523,40880,0.52296,1,1,260753,260230,523
15896961,37.6576,44.4256,512,40880,0.560592,1,1,260792,260280,512
15899881,53.9315,35.2851,537,40880,0.488118,1,1,260850,260313,537
15902801,29.9863,47.857,510,40880,0.441624,1,1,260874,260364,510
15905721,34.7973,41.5714,506,40880,0.480325,1,1,260910,260404,506
15908641,42.1595,38.7143,512,40880,0.696065,1,1,260954,260442,512
15911561,37.2319,37.3429,511,40880,0.803213,1,2,260990,260479,511
15914481,43.4464,43.4686,511,40880,0.824643,0.93,2,261035,260524,511
16056101,33,37,452,27740,0.13,0.49,1,262819,262367,452
16059021,73.8,58.6,472,29200,0.322,0.31,1,262903,262431,472
16061941,42.76,52.52,456,30660,0.3764,0.23,1,262938,262482,456
16064861,33.352,44.904,444,32120,0.59528,0.09,1,262969,262525,444
16067781,34.6704,37.7808,443,33580,0.735056,0.05,1,263004,262561,443
16070701,37.3341,35.5562,446,35040,0.875011,0.03,2,263042,262596,446
16190421,104,115,445,27740,0.49,0.43,1,265048,264603,445
16222541,56,60.6,442,27740,0.538,0.17,1,265092,264650,442
16225461,65.6,62.52,447,29200,0.7236,0.17,1,265160,264713,447
16228381,65.92,70.904,440,30660,0.90472,0.11,2,265226,264786,440
16432781,37,41,514,32120,0.77,1,2,268332,267818,514
16435701,42.6,37.8,521,32120,0.674,1,1,268376,267855,521
16438621,39.72,56.36,499,32120,0.6068,1,1,268415,267916,499
16441541,44.744,36.872,513,32120,0.54536,1,1,268461,267948,513
16444461,42.5488,38.5744,516,32120,0.517072,1,1,268503,267987,516
16447381,78.9098,92.5149,498,32120,0.479414,1,1,268591,268093,498
16450301,44.582,53.703,490,32120,0.455883,1,1,268627,268137,490
16453221,42.5164,45.1406,489,32120,0.451177,1,1,268669,268180,489
16456141,33.3033,35.4281,487,32120,0.546235,0.86,1,268700,268213,487
16459061,25.0607,40.6856,468,32120,0.485247,0.89,1,268723,268255,468
16461981,33.8121,40.1371,464,32120,0.457049,0.77,1,268759,268295,464
16464901,31.5624,37.6274,458,32120,0.56341,0.65,1,268790,268332,458
16467821,38.3125,42.7255,454,32120,0.616682,0.59,1,268830,268376,454
16470741,38.0625,39.7451,453,32120,0.675336,0.53,1,268868,268415,453
16473661,41.2125,44.749,449,32120,0.799067,0.51,2,268910,268461,449
16476581,41.8425,42.5498,449,32120,0.919813,0.47,2,268952,268503,449
16549581,40,37,495,33580,0.69,1,1,270089,269594,495
16552501,48,42.6,501,33580,0.546,1,1,270139,269638,501
16555421,42.4,40.52,502,33580,0.4212,1,1,270180,269678,502
16558341,37.28,35.304,504,33580,0.26824,1,1,270216,269712,504
16561261,41.856,41.4608,504,33580,0.173648,1,1,270259,269755,504
16564181,38.7712,37.8922,505,33580,0.10673,1,1,270297,269792,505
16567101,35.7542,35.5784,505,33580,0.0613459,1,1,270332,269827,505
16570021,35.9508,41.5157,498,33580,0.0682692,1,1,270368,269870,498
16572941,37.5902,40.3031,496,35040,0.117654,0.91,1,270406,269910,496
16575861,64.318,84.0606,472,35040,0.175531,0.91,1,270477,270005,472
16578781,39.2636,16.8121,505,35040,0.347106,0.86,1,270510,270005,505
16581701,34.2527,38.5624,494,35040,0.397421,0.69,1,270543,270049,494
16584621,36.4505,39.7125,491,35040,0.439484,0.51,1,270580,270089,491
16587541,36.8901,47.9425,478,35040,0.431897,0.39,1,270617,270139,478
16590461,30.578,42.3885,466,36500,0.526379,0.23,1,270646,270180,466
16593381,38.9156,37.2777,471,36500,0.609276,0.15,1,270687,270216,471
16596301,32.5831,41.8555,459,36500,0.689855,0.09,1,270718,270259,459
16599221,36.9166,38.7711,459,36500,0.737971,0.05,1,270756,270297,459
16602141,36.9833,35.7542,461,36500,0.811594,0.07,2,270793,270332,461
16605061,8.99666,35.9508,427,36500,0.858319,0.13,2,270795,270368,427
16704341,86,89,467,29200,0.49,0.57,1,272429,271962,467
16847421,66,52,455,27740,0.61,0.17,1,274355,273900,455
16850341,71.6,70.4,453,29200,0.786,0.13,2,274428,273975,453
16961301,71,76,489,24820,0.41,0.65,1,276242,275753,489
16964221,99.8,72.8,524,26280,0.586,0.21,1,276349,275825,524
16967141,51.16,105.76,449,27740,0.7652,0.17,2,276388,275939,449
16970061,55.832,65.152,451,29200,0.89704,0.35,2,276445,275994,451
17057661,51,41,494,32120,0.59,1,1,277861,277367,494
17060581,43,35.4,501,32120,0.59,0.99,1,277902,277401,501
17063501,51,43.08,509,32120,0.558,1,1,277955,277446,509
17066421,43.8,39.816,512,32120,0.5196,1,1,277997,277485,512
17069341,36.76,38.3632,509,32120,0.57592,1,1,278032,277523,509
17072261,42.552,45.2726,506,32120,0.683184,1,1,278076,277570,506
17075181,35.7104,50.6545,488,32120,0.752637,0.95,2,278110,277622,488
17078101,32.7421,46.1309,475,32120,0.798527,1,2,278142,277667,475
17081021,33.7484,42.0262,468,32120,0.871706,0.81,2,278176,277708,468
17180301,62,69,486,24820,0.23,0.81,1,279777,279291,486
17183221,91.6,71.4,513,26280,0.342,0.31,1,279876,279363,513
17186141,53.52,99.08,451,27740,0.3484,0.21,1,279920,279469,451
17189061,45.904,57.416,448,29200,0.42968,0.17,1,279964,279516,448
17191981,58.7808,58.6832,451,29200,0.661936,0.21,1,280026,279575,451
17194901,40.5562,45.3366,445,29200,0.732387,0.13,1,280062,279617,445
17197821,18.5112,33.0673,428,29200,0.810477,0.11,2,280075,279647,428
17288341,66,70,498,24820,0.09,1,1,281619,281121,498
17291261,103.6,72.4,538,26280,0.042,0.53,1,281732,281194,538
17294181,54.32,107.28,464,27740,0.1284,0.35,1,281774,281310,464
17297101,43.664,59.056,458,29200,0.19368,0.29,1,281815,281357,458
17300021,43.9328,48.6112,456,29200,0.350736,0.13,1,281859,281403,456
17302941,36.7866,44.9222,447,29200,0.510147,0.09,1,281894,281447,447
17305861,25.7573,42.5844,428,29200,0.622029,0.13,1,281917,281489,428
17308781,53.9515,59.7169,425,29200,0.852406,0.13,2,281978,281553,425
17399301,93,88,497,24820,0.13,1,1,283503,283006,497
17402221,129.8,86.4,550,26280,0.226,0.81,1,283642,283092,550
17405141,57.96,106.88,478,27740,0.3412,0.65,1,283682,283204,478
17408061,35.592,54.976,466,29200,0.38024,0.55,1,283712,283246,466
17410981,45.5184,43.7952,473,29200,0.500048,0.45,1,283760,283287,473
17413901,36.3037,44.759,462,29200,0.65201,0.43,1,283794,283332,462
17416821,16.0607,36.1518,439,29200,0.746402,0.19,1,283805,283366,439
17419741,32.0121,42.4304,431,29200,0.84528,0.19,2,283841,283410,431
17516101,103,122,483,24820,0.13,0.53,1,285524,285041,483
17519021,85.4,75.6,500,26280,0.226,0.39,1,285605,285105,500
17521941,45.88,78.32,457,27740,0.4372,0.23,1,285641,285184,457
17524861,38.776,52.464,448,29200,0.51144,0.11,1,285678,285230,448
17527781,34.9552,44.0928,440,29200,0.622288,0.07,1,285712,285272,440
17530701,30.991,33.6186,439,29200,0.804458,0.03,2,285742,285303,439
17533621,22.1982,36.3237,422,29200,0.840891,0.03,2,285762,285340,422
17627061,84,91,493,24820,0.01,0.87,1,287401,286908,493
17629981,105.6,74.2,534,26280,0.17,0.43,1,287512,286978,534
17632901,53.92,108.44,458,27740,0.234,0.29,1,287553,287095,458
17635821,53.984,64.888,458,29200,0.3908,0.27,1,287607,287149,458
17638741,37.9968,50.5776,445,29200,0.48616,0.15,1,287641,287196,445
17641661,34.7994,42.9155,438,29200,0.585232,0.13,1,287675,287237,438
17644581,26.1599,35.7831,428,29200,0.637046,0.17,1,287699,287271,428
17647501,41.232,43.9566,427,29200,0.871409,0.17,2,287744,287317,427
17723421,43,47,511,32120,0.65,1,1,289017,288506,511
17726341,47,41.4,519,32120,0.538,1,1,289065,288546,519
17729261,38.2,37.08,519,32120,0.4676,1,1,289101,288582,519
17732181,34.84,34.616,519,32120,0.32552,1,1,289135,288616,519
17767221,406.968,473.323,436,21900,0.777104,0.33,2,289635,289199,436
17867961,50,19,482,23360,0.61,0.53,1,291624,291142,482
17976001,148,175,430,21900,0.77,0.19,2,293632,293202,430
18154121,43,49,516,24820,0.83,1,2,297262,296746,516
18157041,70.2,40.2,555,24820,0.75,1,2,297339,296784,555
18159961,48.44,76.04,513,24820,0.814,1,2,297382,296869,513
18238801,60,64,506,27740,0.53,1,1,299016,298510,506
18241721,50.4,50.4,507,29200,0.53,1,1,299064,298557,507
18244641,35.68,46.08,494,29200,0.482,1,1,299096,298602,494
18247561,54.336,49.216,503,29200,0.4724,1,1,299155,298652,503
18250481,45.2672,44.2432,503,29200,0.51848,0.98,1,299198,298695,503
18253401,33.0534,50.4486,481,30660,0.591696,0.98,1,299228,298747,481
18256321,37.8107,10.0897,520,30660,0.606339,1,1,299267,298747,520
18259241,88.3621,40.4179,573,30660,0.657268,0.79,1,299368,298795,573
18262161,48.8724,100.884,496,32120,0.827454,0.61,2,299407,298911,496
18657821,96,49,502,24820,0.93,0.45,2,305208,304706,502
18755641,132,137,432,23360,0.53,0.17,1,306999,306567,432
18758561,116.8,91.4,465,24820,0.658,0.09,1,307112,306647,465
18837401,94,92,557,27740,0.45,1,1,308593,308036,557
18840321,59.6,87.2,522,27740,0.322,1,1,308644,308122,522
18843241,66.32,54.24,544,27740,0.2484,1,1,308712,308168,544
18846161,46.864,60.448,524,27740,0.28168,1,1,308754,308230,524
18849081,34.9728,48.8896,510,27740,0.208336,1,1,308786,308276,510
18852001,30.1946,38.5779,503,27740,0.209667,0.8,1,308815,308312,503
18854921,40.4389,32.5156,515,27740,0.177933,1,1,308858,308343,515
18857841,36.0878,42.5031,505,27740,0.331587,0.89,1,308893,308388,505
18860761,54.4176,39.7006,525,27740,0.330317,0.75,1,308952,308427,525
18863681,74.0835,65.5401,532,27740,0.538063,0.45,1,309031,308499,532
18866601,53.2167,88.308,486,27740,0.579613,0.29,1,309079,308593,486
18869521,63.4433,58.4616,501,27740,0.683923,0.23,1,309145,308644,501
18872441,49.4887,66.0923,479,27740,0.848785,0.29,2,309191,308712,479
18875361,30.6977,46.8185,463,27740,0.865757,0.19,2,309217,308754,463
18960041,46,39,505,32120,0.87,1,2,310713,310208,505
18962961,38.8,35.8,507,33580,0.822,1,2,310750,310243,507
18965881,33.36,7.16,539,33580,0.7004,1,1,310782,310243,539
18968801,35.472,34.232,534,33580,0.72408,1,1,310818,310284,534
18971721,66.2944,39.6464,567,33580,0.744816,1,1,310892,310325,567
18974641,42.0589,77.5293,516,35040,0.748963,1,1,310928,310412,516
19063701,111,145,448,30660,0.67,0.49,1,312681,312233,448
19069541,36.6,47.4,443,30660,0.67,0.51,1,312699,312256,443
19072461,24.92,24.68,446,30660,0.702,0.47,1,312721,312275,446
19076841,20.984,24.136,442,30660,0.7564,0.41,2,312741,312299,442
19184881,79,107,444,26280,0.27,0.13,1,314483,314039,444
19211161,62.2,83.8,424,26280,0.334,0.01,1,314541,314117,424
19214081,48.44,34.36,447,27740,0.2028,0.03,1,314586,314139,447
19217001,77.688,78.072,443,29200,0.35256,0.11,1,314671,314228,443
19219921,71.5376,74.0144,440,29200,0.446512,0.03,1,314741,314301,440
19222841,82.3075,62.0029,466,29200,0.593302,0.03,1,314826,314360,466
19225761,32.4615,47.6006,442,29200,0.67066,0.17,1,314846,314404,442
19228681,31.2923,34.3201,442,29200,0.750132,0.21,2,314877,314435,442
19231601,39.8585,35.664,448,29200,0.798026,0.27,2,314919,314471,448
19234521,35.9717,31.1328,453,30660,0.887605,0.31,2,314954,314501,453
19361541,61,63,484,24820,0.95,0.77,2,317015,316531,484
19430161,78,76,473,20440,0.78,0.63,2,318508,318035,473
19527981,71,78,458,21900,0.09,0.25,1,320332,319874,458
19530901,65.4,75.6,447,23360,0.202,0.13,1,320396,319949,447
19533821,131.48,127.92,454,23360,0.4964,0.25,1,320544,320090,454
19536741,58.296,61.584,449,24820,0.71528,0.19,1,320584,320135,449
19539661,31.6592,49.9168,427,24820,0.743056,0.03,1,320609,320182,427
19542581,41.5318,41.1834,432,24820,0.828611,0.05,2,320653,320221,432
19609741,56,37,530,24820,0.49,1,1,322048,321518,530
19612661,45.6,41.8,530,24820,0.426,1,1,322091,321561,530
19615581,45.92,42.76,533,24820,0.3972,1,1,322137,321604,533
19618501,47.584,43.752,537,24820,0.34344,1,1,322185,321648,537
19621421,44.7168,48.7504,531,24820,0.348688,1,1,322229,321698,531
19624341,37.7434,39.3501,530,24820,0.333738,1,1,322265,321735,530
19627261,115.549,47.07,616,24820,0.298748,0.69,1,322400,321784,616
19630181,55.9097,143.014,490,24820,0.32375,0.61,1,322441,321951,490
19633101,50.3819,61.4028,498,24820,0.56875,0.49,1,322490,321992,498
19636021,42.8764,57.0806,483,24820,0.84175,0.41,2,322531,322048,483
19638941,42.9753,45.8161,483,24820,0.84835,0.39,2,322574,322091,483
19706101,55,49,498,29200,0.67,1,1,323905,323407,498
19709021,63,57.8,503,29200,0.59,1,1,323970,323467,503
19711941,52.6,48.36,507,30660,0.43,1,1,324020,323513,507
19714861,45.72,9.672,551,30660,0.366,1,1,324064,323513,551
19717781,45.144,40.3344,548,30660,0.4172,1,1,324109,323561,548
19720701,43.4288,45.6669,544,32120,0.42744,1,1,324152,323608,544
19723621,35.0858,45.1334,532,32120,0.253488,1,1,324185,323653,532
19726541,69.4172,45.0267,565,32120,0.282698,0.85,1,324263,323698,565
19729461,15.4834,90.6053,465,33580,0.30454,0.69,1,324265,323800,465
19732381,39.0967,58.1211,460,33580,0.340908,0.67,1,324310,323850,460
19735301,47.0193,55.6242,454,33580,0.348182,0.57,1,324359,323905,454
19738221,55.8039,63.1248,447,33580,0.605636,0.57,1,324417,323970,447
19741141,46.3608,12.625,491,35040,0.737127,0.39,1,324461,323970,491
19821441,180,201,463,24820,0.17,0.37,1,325999,325536,463
19824361,107.2,132.2,437,27740,0.33,0.31,1,326088,325651,437
19830201,38.24,45.64,434,27740,0.41,0.01,1,326109,325675,434
19833121,130.048,141.928,421,27740,0.378,0.03,1,326262,325841,421
19856481,59.6096,61.9856,421,29200,0.5316,0.09,1,326304,325883,421
19859401,73.5219,57.1971,442,30660,0.70632,0.17,1,326381,325939,442
19862321,52.3044,59.4394,429,32120,0.773264,0.17,2,326428,325999,429
19865241,31.2609,11.8879,455,32120,0.898653,0.29,2,326454,325999,455
19986421,57,22,491,27740,0.31,0.55,1,328244,327753,491
19989341,65.8,58.8,491,29200,0.39,0.45,1,328312,327821,491
19992261,47.56,72.56,458,29200,0.55,0.29,1,328355,327897,458
19995181,33.512,48.112,446,29200,0.63,0.13,1,328385,327939,446
19998101,25.9024,37.6224,435,29200,0.79,0.17,2,328409,327974,435
20001021,25.9805,27.5245,436,29200,0.854,0.03,2,328435,327999,436
20003941,33.1961,25.5049,446,29200,0.8188,0.09,2,328470,328024,446
20079861,51,51,503,32120,0.49,1,1,329733,329230,503
20082781,43.8,46.2,500,32120,0.442,1,1,329775,329275,500
20085701,40.76,42.84,498,32120,0.2724,1,1,329815,329317,498
20088621,41.752,37.368,504,32120,0.22248,1,1,329857,329353,504
20091541,36.3504,38.6736,500,32120,0.268496,1,1,329892,329392,500
20094461,39.2701,42.9347,496,32120,0.253699,1,1,329932,329436,496
20097381,40.654,43.7869,493,32120,0.18674,1,1,329973,329480,493
20100301,33.7308,43.9574,481,32120,0.253348,0.98,1,330005,329524,481
20103221,37.1462,42.3915,477,32120,0.31467,0.83,1,330043,329566,477
20106141,49.0292,64.4783,459,32120,0.422934,0.65,1,330095,329636,459
20109061,38.6058,49.6957,449,32120,0.476587,0.49,1,330131,329682,449
20111981,44.5212,50.7391,444,32120,0.567317,0.43,1,330177,329733,444
20114901,40.9042,43.7478,442,32120,0.745463,0.23,1,330217,329775,442
20117821,36.9808,40.7496,438,32120,0.845093,0.21,2,330253,329815,438
20196661,48,39,510,33580,0.45,1,1,331451,330941,510
20199581,46.4,39.8,516,33580,0.29,1,1,331497,330981,516
20202501,50.08,42.36,524,33580,0.146,1,1,331548,331024,524
20239001,407.616,488.472,421,23360,0.4212,0.07,1,332045,331624,421
20241921,147.923,161.694,424,24820,0.65224,0.13,1,332128,331704,424
20317841,45,0,559,33580,0.53,1,1,333424,332865,559
20319301,51.4,35.2,568,33580,0.37,1,1,333477,332909,568
20355801,395.08,499.84,433,23360,0.322,0.23,1,333958,333525,433
20358721,140.616,153.568,443,24820,0.4884,0.13,1,334035,333592,443
20361641,69.7232,69.9136,446,26280,0.68168,0.13,1,334087,333641,446
20466761,45,22,444,24820,0.65,0,1,335904,335460,444
20469681,42.6,38,444,26280,0.762,0.01,2,335946,335502,444
20472601,45.32,37.2,453,27740,0.8324,0.01,2,335992,335539,453
20582101,44,18,449,24820,0.75,0.07,2,337893,337444,449
20585021,10.4,26,423,26280,0.718,0.01,1,337895,337472,423
20587941,38.08,34,432,27740,0.8876,0.09,2,337940,337508,432
20682841,76,20,528,23360,0.35,0.65,1,339737,339209,528
20685761,76,103.2,480,24820,0.446,0.55,1,339813,339333,480
20688681,48,64.64,466,24820,0.6092,0.51,1,339854,339388,466
20691601,35.2,44.928,458,26280,0.68984,0.43,1,339886,339428,458
20694521,44.64,41.7856,464,26280,0.865968,0.45,2,339933,339469,464
20779201,155,113,539,20440,0.51,0.67,1,341715,341176,539
20782121,59,106.6,469,21900,0.51,0.43,1,341750,341281,469
20785041,51,54.92,476,23360,0.51,0.37,1,341799,341323,476
20787961,45.4,55.784,464,24820,0.75,0.39,2,341843,341379,464
20790881,39.48,42.3568,463,24820,0.894,0.49,2,341881,341418,463
20865341,130,126,565,20440,0.23,0.35,1,343559,342994,565
20868261,54.8,144.4,452,21900,0.31,0.25,1,343595,343143,452
20871181,56.56,72.88,454,23360,0.486,0.21,1,343652,343198,454
20874101,43.312,52.976,446,24820,0.6972,0.01,1,343692,343246,446
20877021,35.0624,42.5952,439,24820,0.77144,0.05,2,343725,343286,439
20935421,82,106,492,26280,0.57,1,1,344956,344464,492
20938341,54.8,56.4,496,26280,0.426,1,1,345004,344508,496
20941261,46.16,40.88,503,26280,0.3172,1,1,345048,344545,503
20944181,37.232,34.576,505,26280,0.27944,1,1,345083,344578,505
20947101,30.6464,40.5152,492,26280,0.335888,1,1,345112,344620,492
20950021,33.3293,41.703,484,26280,0.331178,1,1,345146,344662,484
20952941,36.2659,46.7406,473,26280,0.298236,0.91,1,345183,344710,473
20955861,99.2532,100.548,474,26280,0.179647,0.91,1,345298,344824,474
20958781,55.8506,60.1096,469,26280,0.267929,0.57,1,345343,344874,469
20961701,60.7701,77.6219,449,26280,0.413586,0.39,1,345405,344956,449
20964621,42.554,53.9244,439,26280,0.538717,0.29,1,345443,345004,439
20967541,38.1108,45.9849,432,26280,0.643743,0.27,1,345480,345048,432
20970461,37.2222,37.197,434,26280,0.744749,0.35,1,345517,345083,434
20973381,33.0444,30.6394,437,26280,0.87695,0.33,2,345549,345112,437
20976301,32.2089,33.3279,435,26280,0.90339,0.29,2,345581,345146,435
21040541,76,78,489,27740,0.55,1,1,346837,346348,489
21043461,49.6,50,489,27740,0.518,1,1,346880,346391,489
21046381,47.52,42,496,27740,0.4636,1,1,346927,346431,496
21049301,37.504,38.8,493,27740,0.40472,1,1,346962,346469,493
21052221,30.7008,42.96,478,27740,0.376944,0.99,1,346991,346513,478
21055141,46.1402,36.592,493,27740,0.371389,1,1,347041,346548,493
21058061,35.628,48.1184,475,29200,0.466278,0.73,1,347074,346599,475
21060981,79.1256,94.4237,459,29200,0.549256,0.73,1,347164,346705,459
21063901,59.0251,18.8847,513,29200,0.725851,0.67,1,347218,346705,513
21066821,65.405,48.5769,524,29200,0.74517,0.55,1,347285,346761,524
21069741,44.281,70.5154,487,29200,0.861034,0.51,2,347324,346837,487
21155881,46,54,444,26280,0.79,0.33,2,349077,348633,444
21285821,165,163,424,23360,0.57,0.07,1,350928,350504,424
21288741,92.2,72.6,448,24820,0.794,0.15,2,351002,350554,448
21398241,66,83,480,23360,0.61,0.47,1,353056,352576,480
21497521,71,75,476,23360,0.73,0.47,1,354924,354448,476
21647901,41,40,496,23360,0.75,1,2,358179,357683,496
21650821,151.4,154.4,492,23360,0.83,1,2,358358,357866,492
21807041,55,27,450,17520,0.49,0.05,1,361974,361524,450
21809961,155,48.6,576,18980,0.778,0.19,2,362154,361578,576
21862521,51,46,513,23360,0.73,1,1,363328,362815,513
21865441,47,38,523,23360,0.634,1,1,363374,362851,523
21868361,53.4,49.2,526,23360,0.4708,1,1,363429,362903,526
21871281,125.88,154.64,489,23360,0.26216,1,1,363573,363084,489
21874201,70.776,70.128,497,23360,0.140432,1,1,363630,363133,497
21877121,35.7552,45.2256,485,23360,0.116086,0.88,1,363657,363172,485
21880041,39.951,53.0451,471,23360,0.111217,0.93,1,363698,363227,471
21882961,43.9902,50.609,466,23360,0.206243,0.73,1,363743,363277,466
21885881,42.398,50.9218,457,23360,0.145249,0.61,1,363785,363328,457
21888801,38.8796,46.9844,449,23360,0.26105,0.43,1,363823,363374,449
21891721,47.7759,53.3969,444,23360,0.46021,0.21,1,363873,363429,444
21894641,115.955,125.879,433,23360,0.804042,0.11,2,364006,363573,433
21897561,64.791,70.7759,428,23360,0.856808,0.11,2,364058,363630,428
21964721,145,152,498,24820,0.57,1,1,365464,364966,498
21967641,67.4,66.4,501,24820,0.57,1,1,365512,365011,501
21970561,42.28,50.08,491,26280,0.522,1,1,365548,365057,491
21973481,37.256,49.216,478,26280,0.5444,1,1,365584,365106,478
21976401,48.2512,59.4432,467,26280,0.54888,1,1,365635,365168,467
21979321,50.4502,11.8886,518,26280,0.533776,0.98,1,365686,365168,518
21982241,46.09,42.3777,513,26280,0.578755,0.79,1,365731,365218,513
21985161,45.218,52.4755,503,26280,0.667751,0.75,1,365776,365273,503
22056701,137,162,444,23360,0.69,0.21,1,367457,367013,444
22160361,78,104,434,23360,0.15,0.29,1,369160,368726,434
22163281,54,44,453,24820,0.294,0.13,1,369208,368755,453
22166201,47.6,48,450,26280,0.4188,0.15,1,369254,368804,450
22169121,50.32,48,453,26280,0.57176,0.13,1,369305,368852,453
22172041,36.464,44.8,442,26280,0.650352,0.15,1,369338,368896,442
22174961,40.8928,25.76,463,26280,0.89007,0.13,2,369380,368917,463
22252341,143,19,599,20440,0.37,0.41,1,371003,370404,599
22255261,65.4,146.2,467,21900,0.45,0.37,1,371049,370582,467
22258181,47.48,76.44,451,23360,0.578,0.17,1,371092,370641,451
22261101,51.096,52.888,456,24820,0.7636,0.05,2,371144,370688,456
22264021,47.0192,54.5776,447,24820,0.83272,0.05,2,371190,370743,447
22351621,124,108,506,21900,0.41,0.51,1,373011,372505,506
22354541,48.8,77.6,466,23360,0.506,0.43,1,373041,372575,466
22357461,41.76,54.72,457,24820,0.7172,0.29,1,373081,372624,457
22360381,39.552,46.144,452,24820,0.83944,0.19,2,373120,372668,452
22440681,113,27,529,20440,0.37,0.05,1,374842,374313,529
22443601,81,111.8,469,21900,0.626,0.05,1,374915,374446,469
22446521,52.2,78.36,444,23360,0.7732,0.05,2,374960,374516,444
22449441,33.64,44.472,437,24820,0.88264,0.03,2,374989,374552,437
22535581,123,132,495,21900,0.87,0.15,2,376798,376303,495
22709321,178,205,438,18980,0.73,0.33,1,380552,380114,438
22712241,59.6,51.4,455,20440,0.778,0.13,2,380582,380127,455
22770641,48,45,551,27740,0.87,1,2,381772,381221,551
22801301,434.4,505.8,461,18980,0.646,0.59,1,382303,381842,461
22804221,222.88,234.76,464,20440,0.7612,0.43,2,382473,382009,464
22875761,161,179,458,17520,0.91,0.73,2,384178,383720,458
22878681,53.8,57.4,458,18980,0.894,0.77,2,384205,383747,458
22948761,44,100,456,17520,0.87,0.29,2,386082,385626,456
23017381,279,178,552,16060,0.65,0.11,1,387912,387360,552
23020301,87.8,156.4,441,17520,0.81,0.15,2,387952,387511,441
23023221,48.76,72.88,428,18980,0.842,0.19,2,387991,387563,428
23172141,291,161,599,16060,0.87,0.49,2,392196,391597,599
23220321,68,34,567,21900,0.41,1,1,393337,392770,567
23223241,55.2,44.4,572,21900,0.234,1,1,393389,392817,572
23226161,107.84,34.48,661,21900,0.0548,1,1,393510,392849,661
23229081,108.768,152.496,588,21900,0.08296,1,1,393619,393031,588
23232001,56.1536,117.699,522,21900,0.088592,1,1,393662,393140,522
23234921,42.4307,62.7398,512,21900,0.0897184,0.91,1,393701,393189,512
23237841,28.4861,46.148,495,21900,0.0899437,0.79,1,393726,393231,495
23240761,45.6972,39.6296,507,21900,0.233989,0.41,1,393776,393269,507
23243681,40.3394,62.3259,478,21900,0.294798,0.19,1,393815,393337,478
23246601,100.868,54.0652,542,21900,0.53096,0.01,1,393931,393389,542
23249521,110.574,107.613,534,21900,0.770192,0.09,2,394044,393510,534
23313761,45,120,521,23360,0.27,1,1,395502,394981,521
23316681,51.4,56.8,533,24820,0.238,1,1,395555,395022,533
23319601,31.88,48.96,513,24820,0.2156,1,1,395582,395069,513
23322521,47.176,38.592,528,24820,0.25912,1,1,395633,395105,528
23325441,11.8352,48.5184,480,24820,0.267824,1,1,395636,395156,480
23328361,47.967,58.5037,476,24820,0.349565,0.63,1,395693,395217,476
23331281,88.7934,108.501,454,24820,0.461913,0.41,1,395792,395338,454
23334201,102.559,116.9,441,26280,0.660383,0.27,1,395898,395457,441
23337121,52.5117,59.38,436,26280,0.668077,0.27,1,395938,395502,436
23507941,102,120,463,23360,0.13,1,1,399226,398763,463
23522541,48.4,44.8,472,23360,0.258,0,1,399261,398789,472
23528381,163.28,203.36,421,21900,0.4276,0.29,1,399453,399032,421
23645181,480,586,437,20440,0.27,0.31,1,401352,400915,437
23648101,161.6,170,453,21900,0.43,0.17,1,401434,400981,453
23651021,110.72,115.6,449,23360,0.702,0.09,1,401532,401083,449
23724021,229,98,632,21900,0.55,1,1,403123,402491,632
23726941,82.6,165.2,496,23360,0.582,0.94,1,403169,402673,496
23729861,46.92,70.64,487,23360,0.5884,0.99,1,403207,402720,487
23732781,34.184,35.728,491,23360,0.52568,0.81,1,403238,402747,491
23735701,35.6368,47.9456,476,23360,0.593136,0.59,1,403274,402798,476
23738621,22.3274,46.3891,449,23360,0.718627,0.49,1,403293,402844,449
23741541,42.8655,49.2778,447,23360,0.823725,0.49,2,403341,402894,447
23811621,87,89,449,18980,0.05,0.01,1,405048,404599,449
23814541,63,66.6,445,20440,0.066,0.01,1,405105,404660,445
23817461,54.2,51.72,449,21900,0.1972,0.01,1,405157,404708,449
23820381,47.64,50.344,445,21900,0.30344,0.03,1,405203,404758,445
23823301,24.728,42.0688,424,21900,0.388688,0.11,1,405222,404798,424
23878781,52,39,516,23360,0.55,1,1,406509,405993,516
23881701,51.2,46.2,519,23360,0.39,1,1,406560,406041,519
23884621,47.04,42.84,523,23360,0.23,1,1,406606,406083,523
23887541,45.408,50.168,516,23360,0.07,1,1,406651,406135,516
23890461,39.4816,46.0336,509,23360,0.022,1,1,406689,406180,509
23893381,109.496,139.607,473,23360,0.0924,0.92,1,406816,406343,473
23896301,53.0993,63.1213,468,23360,0.07448,0.73,1,406855,406387,468
23899221,57.0199,68.6243,456,23360,0.118896,0.55,1,406913,406457,456
23902141,46.604,55.3249,448,23360,0.159779,0.35,1,406957,406509,448
23905061,38.9208,51.865,434,23360,0.263956,0.19,1,406994,406560,434
23907981,42.1842,47.173,431,23360,0.316791,0.03,1,407037,406606,431
23910901,38.8368,45.4346,424,23360,0.503358,0.01,1,407075,406651,424
23913821,36.5674,39.4869,422,23360,0.636672,0.11,1,407111,406689,422
23916741,111.313,109.497,425,23360,0.679334,0.07,1,407241,406816,425
23919661,51.0627,53.0995,422,23360,0.815867,0.13,2,407277,406855,422
23989741,54,122,525,27740,0.73,1,1,408714,408189,525
23992661,54,60.4,534,27740,0.666,1,1,408768,408234,534
23995581,78,60.88,557,27740,0.5732,1,1,408852,408295,557
23998501,50.8,70.576,528,29200,0.45864,1,1,408896,408368,528
24001421,42.16,66.9152,502,29200,0.467728,1,1,408936,408434,502
24004341,30.032,52.583,480,29200,0.405546,1,1,408963,408483,480
24007261,49.2064,55.3166,478,29200,0.441109,0.92,1,409017,408539,478
24010181,36.2413,48.6633,464,30660,0.448222,0.79,1,409050,408586,464
24013101,63.2483,68.9327,460,30660,0.449644,0.79,1,409120,408660,460
24016021,54.2497,13.7865,512,30660,0.497929,0.73,1,409172,408660,512
24018941,48.4499,45.9573,505,32120,0.635586,0.65,1,409219,408714,505
24108001,76,95,421,29200,0.79,0.07,2,410936,410515,421
24112381,78.4,79.8,424,29200,0.774,0.01,2,411015,410591,424
24220421,126,138,421,24820,0.45,0.09,1,412813,412392,421
24243781,117.2,115.6,426,24820,0.626,0.13,1,412928,412502,426
24318241,33,39,521,30660,0.79,1,2,414254,413733,521
24426281,71,49,463,21900,0.51,0.21,1,416493,416030,463
24429201,49.4,54.6,451,23360,0.51,0.13,1,416537,416086,451
24432121,34.68,45.32,439,23360,0.59,0.09,1,416568,416129,439
24435041,29.336,27.464,444,23360,0.718,0.09,1,416596,416152,444
24437961,43.4672,39.8928,448,23360,0.8716,0.11,2,416643,416195,448
24512421,126,230,521,18980,0.13,0.73,1,418421,417900,521
24515341,51.6,110.8,473,20440,0.194,0.65,1,418454,417981,473
24518261,31.12,50.16,464,21900,0.2548,0.43,1,418480,418016,464
24521181,39.824,44.432,463,23360,0.50696,0.35,1,418522,418059,463
24524101,21.5648,46.4864,433,23360,0.605392,0.07,1,418539,418106,433
24670101,87,144,485,18980,0.33,0.01,1,422266,421781,485
24673021,55,96,448,20440,0.426,0.15,1,422313,421865,448
24675941,42.2,49.6,449,20440,0.6052,0.13,1,422352,421903,449
24748941,117,162,557,18980,0.33,0.41,1,424158,423601,557
24751861,61.8,148.4,460,20440,0.33,0.31,1,424206,423746,460
24754781,39.56,58.48,458,21900,0.442,0.13,1,424240,423782,458
24757701,45.512,52.496,454,23360,0.5764,0.11,1,424287,423833,454
24760621,22.7024,45.6992,427,23360,0.74728,0.25,1,424304,423877,427
24838001,79,73,506,18980,0.69,0.31,1,426132,425626,506
24840921,47,84.2,458,20440,0.754,0.29,2,426171,425713,458
24919761,133,151,549,18980,0.77,0.31,2,428029,427480,549
24922681,54.6,135,453,20440,0.834,0.37,2,428064,427611,453
24998601,175,151,453,17520,0.91,0.17,2,429922,429469,453
25075981,60,61,424,16060,0.57,0.07,1,431838,431414,424
25078901,49.6,18.6,463,17520,0.682,0.07,1,431885,431422,463
25081821,50.72,50.92,455,18980,0.7844,0.03,2,431936,431481,455
25084741,26.144,42.184,435,20440,0.91688,0.03,2,431956,431521,435
25160661,71,90,470,18980,0.57,0.57,1,433852,433382,470
25163581,59,52.4,483,18980,0.762,0.39,2,433908,433425,483
25166501,45.4,59.28,464,18980,0.8484,0.27,2,433950,433486,464
25213221,103,128,563,18980,0.01,1,1,435245,434682,563
25216141,79.8,97.6,547,18980,0.058,1,1,435319,434772,547
25219061,52.76,78.72,519,18980,0.0836,1,1,435365,434846,519
25221981,67.352,52.544,544,18980,0.04072,1,1,435436,434892,544
25224901,54.2704,72.1088,518,18980,0.128144,0.81,1,435487,434969,518
25227821,82.8541,60.8218,550,18980,0.257629,0.31,1,435577,435027,550
25230741,88.5708,104.164,525,18980,0.331526,0.01,1,435667,435142,525
25233661,77.7142,103.233,497,18980,0.490305,0.07,1,435742,435245,497
25236581,51.5428,79.8466,468,18980,0.618061,0.09,1,435787,435319,468
25292061,51,0,561,24820,0.69,1,1,437216,436655,561
25294981,55,45.6,560,24820,0.45,1,1,437272,436712,560
25297901,55,80.32,526,26280,0.322,1,1,437327,436801,526
25300821,49.4,56.064,524,26280,0.2484,1,1,437375,436851,524
25303741,41.88,46.4128,520,26280,0.28168,0.99,1,437415,436895,520
25306661,23.576,63.6826,471,27740,0.344336,0.85,1,437434,436963,471
25309581,77.5152,93.5365,461,27740,0.428867,0.65,1,437525,437064,461
25312501,90.703,99.5073,454,29200,0.733773,0.65,1,437619,437165,454
25483321,22,21,469,24820,0.01,1,1,440846,440377,469
25500841,73.2,69.8,473,24820,0.154,0.03,1,440932,440459,473
25505221,186.64,225.96,423,24820,0.4388,0.09,1,441147,440724,423
25524201,71.728,78.792,424,24820,0.59176,0.05,1,441190,440766,424
25527121,31.9456,30.9584,427,26280,0.814352,0.05,2,441212,440785,427
25716921,104,23,516,21900,0.65,0.17,1,444988,444472,516
25719841,51.2,87.8,450,23360,0.746,0.09,1,445026,444576,450
25798681,122,117,451,17520,0.63,0.15,1,446839,446388,451
25801601,60.4,62.6,447,18980,0.774,0.13,2,446884,446437,447
25880441,183,82,545,17520,0.53,0.01,1,448671,448126,545
25883361,135.8,134,522,18980,0.85,0.07,2,448795,448273,522
26062941,51,150,530,18980,0.03,1,1,453671,453141,530
26065861,67,66.8,555,18980,0.054,1,1,453742,453187,555
26068781,51.8,74.16,527,18980,0.0348,1,1,453790,453263,527
26071701,47.16,52.432,526,18980,0.01496,1,1,453836,453310,526
26074621,91.032,48.0864,581,18980,0.042992,0.81,1,453938,453357,581
26077541,103.806,104.817,569,18980,0.256598,0.17,1,454045,453476,569
26080461,58.3613,136.163,472,18980,0.36332,0.03,1,454092,453620,472
26083381,68.4723,68.0327,492,18980,0.576664,0.06,1,454163,453671,492
26086301,52.8945,70.4065,470,18980,0.603333,0.03,1,454212,453742,470
26089221,46.5789,52.4813,467,18980,0.720667,0.01,1,454257,453790,467
26150541,93,118,484,21900,0.57,1,1,455901,455417,484
26153461,77,79.6,487,23360,0.49,0.98,1,455974,455487,487
26156381,73.8,71.92,490,23360,0.538,1,1,456047,455557,490
26159301,42.76,47.184,484,23360,0.5476,0.97,1,456082,455598,484
26162221,49.352,59.0368,473,23360,0.58152,0.97,1,456133,455660,473
26165141,85.0704,11.8074,567,24820,0.764304,0.75,2,456227,455660,567
26239601,523,640,448,24820,0.31,0.27,1,457959,457511,448
26245441,173.4,206.4,436,24820,0.374,0.27,1,458045,457609,436
26274641,89.88,99.68,432,24820,0.5468,0.09,1,458114,457682,432
26354941,485,582,441,23360,0.23,0.05,1,459818,459377,441
26387061,208.2,243.6,421,23360,0.726,0.05,1,459957,459536,421
26389981,100.04,85.52,448,24820,0.9212,0.11,2,460030,459582,448
26483421,511,610,440,20440,0.33,0.27,1,461672,461232,440
26486341,161.4,168.4,456,21900,0.554,0.15,1,461746,461290,456
26832361,79,105,423,20440,0.31,0.01,1,469321,468898,423
26854261,127.8,133.8,422,20440,0.502,0.03,1,469461,469039,422
26857181,73.56,51.56,451,21900,0.5884,0.07,1,469521,469070,451
26860101,39.512,52.712,429,23360,0.68568,0.05,1,469552,469123,429
26863021,35.1024,42.5424,423,24820,0.897136,0.03,2,469586,469163,423
26865941,44.6205,10.1085,468,24820,0.939427,0.17,2,469633,469165,468
27011941,50,41,506,23360,0.49,1,1,472924,472418,506
27014861,47.6,41.8,511,23360,0.474,1,1,472971,472460,511
27017781,45.52,45.96,509,23360,0.4228,1,1,473016,472507,509
27020701,37.904,38.792,508,23360,0.44456,1,1,473052,472544,508
27023621,46.7808,47.7584,507,23360,0.432912,1,1,473101,472594,507
27026541,101.356,124.752,478,23360,0.686582,0.81,1,473216,472738,478
27029461,44.2712,61.7503,462,23360,0.705316,0.57,1,473246,472784,462
27032381,72.0542,84.3501,451,23360,0.709063,0.49,1,473325,472874,451
27035301,50.4108,56.87,446,23360,0.725813,0.47,1,473370,472924,446
27096621,114,134,493,23360,0.07,1,1,474660,474167,493
27099541,70.8,66.8,503,24820,0.022,1,1,474720,474217,503
27102461,64.56,69.36,496,24820,0.1244,1,1,474783,474287,496
27105381,49.712,55.472,490,24820,0.09688,1,1,474829,474339,490
27108301,41.9424,47.0944,485,24820,0.155376,1,1,474869,474384,485
27111221,53.9885,53.4189,487,24820,0.215075,0.87,1,474926,474439,487
27114141,37.1977,54.6838,465,24820,0.259015,0.67,1,474959,474494,465
27117061,38.6395,52.5368,452,24820,0.315803,0.07,1,474998,474546,452
27119981,78.1279,101.707,426,26280,0.599161,0.07,1,475086,474660,426
27122901,61.2256,20.3415,483,26280,0.639832,0.01,1,475143,474660,483
27125821,65.0451,52.0683,489,26280,0.679966,0.15,1,475209,474720,489
27128741,49.009,60.8137,471,26280,0.735993,0.09,1,475254,474783,471
27301021,47,43,540,33580,0.49,1,1,478383,477843,540
27303941,46.2,39.8,547,33580,0.394,1,1,478429,477882,547
27306861,52.44,43.96,556,33580,0.3108,1,1,478483,477927,556
27309781,40.088,49.592,542,33580,0.21416,1,1,478520,477978,542
27425121,52,46,523,33580,0.57,1,1,480441,479918,523
27555061,56,79,460,24820,0.33,0.19,1,482636,482176,460
27557981,99.2,74.2,497,24820,0.634,0.13,1,482746,482249,497
27560901,54.24,93.24,442,24820,0.8388,0.05,2,482789,482347,442
27620761,508,624,433,17520,0.13,0.03,1,484321,483888,433
27644121,177.6,210.4,421,17520,0.29,0.01,1,484416,483995,421
27647041,169.12,98.08,518,18980,0.498,0.09,1,484583,484065,518
27649961,88.224,106.816,477,20440,0.7156,0.13,1,484651,484174,477
27652881,46.4448,62.1632,462,21900,0.87112,0.15,2,484687,484225,462
27736101,91,199,494,20440,0.87,0.15,2,486521,486027,494
27739021,41.4,106.2,440,21900,0.934,0.09,2,486550,486110,440
27741941,42.68,51.64,445,23360,0.9628,0.07,2,486593,486148,445
27890861,44,22,468,17520,0.85,0.43,2,490111,489643,468
27943421,50,48,496,20440,0.41,1,1,491497,491001,496
27946341,41.2,48,487,20440,0.298,1,1,491536,491049,487
27949261,65.84,52,506,20440,0.1636,1,1,491608,491102,506
27952181,125.168,141.6,482,20440,0.18472,1,1,491748,491266,482
27955101,66.6336,77.12,473,20440,0.204944,0.89,1,491800,491327,473
27958021,38.1267,51.424,459,20440,0.288989,0.51,1,491831,491372,459
27960941,56.4253,70.2848,445,20440,0.417798,0.41,1,491892,491447,445
27963861,46.4851,54.057,439,20440,0.57156,0.27,1,491936,491497,439
27966781,33.297,42.0114,430,20440,0.618312,0.13,1,491966,491536,430
27969701,61.8594,66.0023,427,20440,0.883662,0.19,2,492035,491608,427
28022261,53,38,522,21900,0.35,1,1,493347,492825,522
28025181,50.6,50,519,23360,0.302,1,1,493397,492878,519
28028101,47.72,48.4,518,23360,0.2124,1,1,493444,492926,518
28031021,59.944,61.68,516,23360,0.11448,1,1,493507,492991,516
28033941,114.389,12.336,644,23360,0.142896,1,1,493635,492991,644
28036861,58.8778,143.267,513,24820,0.212579,0.71,1,493680,493167,513
28039781,54.1756,75.0534,508,24820,0.338516,0.39,1,493733,493225,508
28042701,51.6351,70.2107,490,24820,0.427703,0.35,1,493784,493294,490
28045621,11.927,56.4421,439,26280,0.429541,0.29,1,493786,493347,439
28048541,39.1854,51.2884,435,26280,0.637908,0.19,1,493832,493397,435
28051461,43.0371,47.8577,432,26280,0.775582,0.09,2,493876,493444,432
28158041,32,16,442,24820,0.65,0.13,1,495801,495359,442
28160961,8.8,18.4,426,26280,0.714,0.09,1,495804,495378,426
28163881,59.36,41.28,451,27740,0.8708,0.11,2,495876,495425,451
28258781,57,70,472,26280,0.17,0.31,1,497538,497066,472
28261701,71.4,86,457,26280,0.202,0.17,1,497613,497156,457
28264621,66.28,78,446,26280,0.4324,0.17,1,497678,497232,446
28267541,44.456,43.6,450,26280,0.65448,0.29,1,497717,497267,450
28270461,40.0912,42.32,447,26280,0.826896,0.15,2,497756,497309,447
28273381,32.8182,38.064,441,26280,0.877379,0.09,2,497787,497346,441
28340541,49,37,540,27740,0.51,1,1,499005,498465,540
28343461,53,50.6,540,27740,0.382,1,1,499059,498519,540
28346381,61.8,67.72,532,27740,0.5004,1,1,499123,498591,532
28349301,53.96,55.144,532,27740,0.50808,1,1,499175,498643,532
28352221,42.792,58.2288,513,27740,0.429616,1,1,499215,498702,513
28355141,48.5584,40.4458,527,27740,0.461923,0.95,1,499265,498738,527
28358061,50.5117,44.8892,532,27740,0.436385,0.99,1,499316,498784,532
28360981,50.9023,62.5778,516,27740,0.415277,0.79,1,499367,498851,516
28363901,40.5805,58.1156,497,27740,0.379055,0.61,1,499405,498908,497
28366821,43.3161,50.0231,493,27740,0.467811,0.51,1,499449,498956,493
28369741,51.8632,49.2046,498,27740,0.549562,0.35,1,499503,499005,498
28372661,64.7726,53.0409,512,27740,0.741912,0.53,1,499571,499059,512
28375581,53.7545,61.8082,499,27740,0.860383,0.51,2,499622,499123,499
28566841,323,362,432,20440,0.41,0.17,1,503291,502859,432
28569761,83,92.4,430,21900,0.442,0.21,1,503314,502884,430
28572681,57.4,40.08,454,23360,0.5604,0.21,1,503365,502911,454
28663201,49,27,443,21900,0.67,0.11,1,505222,504779,443
28666121,54.6,43.8,451,23360,0.878,0.11,2,505278,504827,451
28756641,85,78,458,21900,0.49,0.09,1,506963,506505,458
28759561,95.4,98.8,452,23360,0.666,0.05,1,507061,506609,452
28762481,91.08,92.56,451,24820,0.8132,0.09,2,507151,506700,451
28765401,45.416,42.512,455,24820,0.85864,0.11,2,507185,506730,455
28829641,89,43,571,24820,0.53,1,1,508495,507924,571
28832561,57,74.2,538,24820,0.434,1,1,508544,508006,538
28835481,67.4,70.84,538,24820,0.4468,1,1,508614,508076,538
28838401,33.48,54.968,512,24820,0.40136,1,1,508639,508127,512
28841321,33.896,42.1936,507,24820,0.344272,1,1,508673,508166,507
28844241,46.7792,42.0387,515,24820,0.316854,1,1,508723,508208,515
28847161,77.3558,41.2077,559,24820,0.439371,0.67,1,508808,508249,559
28850081,54.6712,93.8415,501,24820,0.607874,0.55,1,508857,508356,501
28853001,78.1342,58.7683,535,24820,0.769575,0.53,2,508941,508406,535
28855921,51.6268,82.9537,491,24820,0.865915,0.41,2,508986,508495,491
28923081,53,61,519,27740,0.51,1,1,510303,509784,519
28926001,65.8,79.4,504,27740,0.43,1,1,510372,509868,504
28928921,59.56,65.48,500,29200,0.414,1,1,510430,509930,500
28931841,46.312,56.296,489,29200,0.4908,1,1,510473,509984,489
28934761,46.8624,43.2592,496,29200,0.50616,1,1,510520,510024,496
28937681,22.9725,36.6518,478,29200,0.477232,1,1,510537,510059,478
28940601,40.5945,47.3304,473,29200,0.551446,1,1,510582,510109,473
28943521,59.3189,9.46607,537,30660,0.646289,0.73,1,510646,510109,537
28946441,55.8638,65.8932,512,30660,0.745258,0.59,1,510701,510189,512
28949361,49.5728,61.9786,499,30660,0.909052,0.51,2,510749,510250,499
29038421,116,112,425,26280,0.73,0.07,1,512536,512111,425
29042801,40,40.8,423,26280,0.65,0.21,1,512557,512134,423
29171281,87,103,425,24820,0.79,0.11,2,514454,514029,425
29174201,47.8,32.6,448,26280,0.806,0.07,2,514492,514044,448
29264721,25,24,451,20440,0.13,0.37,1,516189,515738,451
29267641,84.2,76,461,21900,0.354,0.29,1,516288,515827,461
29270561,54.44,54.4,459,23360,0.4468,0.31,1,516335,515876,459
29273481,46.888,52.48,452,24820,0.62536,0.21,1,516380,515928,452
29276401,39.7776,48.896,442,26280,0.789072,0.19,2,516418,515976,442
29429701,47,76,524,24820,0.33,1,1,519611,519087,524
29432621,52.6,59.2,523,24820,0.282,1,1,519665,519142,523
29435541,64.92,50.24,543,24820,0.2564,1,1,519733,519190,543
29438461,44.984,56.448,525,24820,0.34728,1,1,519773,519248,525
29441381,63.3968,46.4896,549,24820,0.381456,1,1,519841,519292,549
29444301,52.6794,70.0979,523,24820,0.388291,0.97,1,519891,519368,523
29447221,52.9359,59.6196,519,24820,0.421658,0.63,1,519944,519425,519
29450141,60.1872,65.5239,514,24820,0.588332,0.45,1,520006,519492,514
29453061,45.6374,70.7048,484,24820,0.685666,0.33,1,520048,519564,484
29455981,49.9275,51.741,488,24820,0.753133,0.27,2,520099,519611,488
29514381,71,51,544,24820,0.57,1,1,521278,520734,544
29517301,55,67.8,523,26280,0.362,1,1,521329,520806,523
29520221,62.2,50.36,541,26280,0.2244,1,1,521393,520852,541
29523141,54.04,62.072,528,26280,0.22888,1,1,521445,520917,528
29526061,73.208,59.6144,547,26280,0.165776,1,1,521523,520976,547
29528981,49.0416,57.5229,533,26280,0.137155,1,1,521566,521033,533
29531901,57.0083,67.5046,522,26280,0.099431,0.76,1,521625,521103,522
29534821,47.4017,55.9009,514,26280,0.107886,0.93,1,521670,521156,514
29537741,52.6803,51.9802,517,27740,0.221577,0.57,1,521724,521207,517
29540661,12.1361,67.196,448,27740,0.244315,0.31,1,521726,521278,448
29543581,34.4272,54.2392,437,27740,0.360863,0.19,1,521766,521329,437
29546501,51.6854,62.0478,429,27740,0.528173,0.23,1,521822,521393,429
29549421,52.7371,54.0096,430,27740,0.721635,0.15,1,521875,521445,430
29661841,132,153,434,26280,0.95,0.25,2,523668,523234,434
29743601,521,608,460,24820,0.45,0.45,1,525390,524930,460
29777181,196.2,228.8,441,24820,0.786,0.41,2,525505,525064,441
29931941,51,76,556,29200,0.67,1,1,528472,527916,556
29934861,53.4,54.4,561,29200,0.478,1,1,528526,527965,561
29937781,88.28,72.48,581,30660,0.4076,1,1,528623,528042,581
